1 [0.0, 90.0, 0.0, 460.0, 0.0, 0.8363636363636363]
2 [21.0, 69.0, 4.0, 456.0, 0.3648710863393666, 0.8672727272727273]
3 [37.0, 53.0, 15.0, 445.0, 0.5206556393522835, 0.8763636363636363]
4 [44.0, 46.0, 20.0, 440.0, 0.5709358145560492, 0.88]
5 [47.0, 43.0, 20.0, 440.0, 0.5982296175497326, 0.8854545454545455]
6 [50.0, 40.0, 22.0, 438.0, 0.6167828973599907, 0.8872727272727273]
7 [52.0, 38.0, 20.0, 440.0, 0.6414739353858026, 0.8945454545454545]
8 [52.0, 38.0, 18.0, 442.0, 0.6495000598192618, 0.8981818181818182]
9 [48.0, 42.0, 16.0, 444.0, 0.6228831575087933, 0.8945454545454545]
10 [49.0, 41.0, 16.0, 444.0, 0.631763288220898, 0.8963636363636364]
11 [49.0, 41.0, 16.0, 444.0, 0.631763288220898, 0.8963636363636364]
12 [50.0, 40.0, 16.0, 444.0, 0.6405296283489116, 0.8981818181818182]
13 [48.0, 42.0, 16.0, 444.0, 0.6228831575087933, 0.8945454545454545]
14 [49.0, 41.0, 15.0, 445.0, 0.6358699941226893, 0.8981818181818182]
15 [48.0, 42.0, 16.0, 444.0, 0.6228831575087933, 0.8945454545454545]
16 [48.0, 42.0, 15.0, 445.0, 0.6269587227776623, 0.8963636363636364]
17 [48.0, 42.0, 15.0, 445.0, 0.6269587227776623, 0.8963636363636364]
18 [48.0, 42.0, 16.0, 444.0, 0.6228831575087933, 0.8945454545454545]
19 [47.0, 43.0, 14.0, 446.0, 0.6220271250679024, 0.8963636363636364]
20 [47.0, 43.0, 14.0, 446.0, 0.6220271250679024, 0.8963636363636364]
21 [46.0, 44.0, 15.0, 445.0, 0.6087822754695649, 0.8927272727272727]
22 [46.0, 44.0, 13.0, 447.0, 0.616963389530434, 0.8963636363636364]
23 [46.0, 44.0, 14.0, 446.0, 0.6128455304955184, 0.8945454545454545]
24 [46.0, 44.0, 15.0, 445.0, 0.6087822754695649, 0.8927272727272727]
25 [46.0, 44.0, 17.0, 443.0, 0.6008152899082422, 0.889090909090909]
26 [47.0, 43.0, 16.0, 444.0, 0.613887006170367, 0.8927272727272727]
27 [46.0, 44.0, 16.0, 444.0, 0.6047725455085591, 0.8909090909090909]
28 [48.0, 42.0, 16.0, 444.0, 0.6228831575087933, 0.8945454545454545]
29 [47.0, 43.0, 16.0, 444.0, 0.613887006170367, 0.8927272727272727]
30 [46.0, 44.0, 16.0, 444.0, 0.6047725455085591, 0.8909090909090909]
31 [48.0, 42.0, 16.0, 444.0, 0.6228831575087933, 0.8945454545454545]
32 [47.0, 43.0, 16.0, 444.0, 0.613887006170367, 0.8927272727272727]
33 [47.0, 43.0, 14.0, 446.0, 0.6220271250679024, 0.8963636363636364]
34 [47.0, 43.0, 16.0, 444.0, 0.613887006170367, 0.8927272727272727]
35 [48.0, 42.0, 17.0, 443.0, 0.6188602367081423, 0.8927272727272727]
36 [49.0, 41.0, 17.0, 443.0, 0.6277092874671634, 0.8945454545454545]
37 [50.0, 40.0, 17.0, 443.0, 0.6364456672785958, 0.8963636363636364]
38 [50.0, 40.0, 18.0, 442.0, 0.6324134542269304, 0.8945454545454545]
39 [50.0, 40.0, 17.0, 443.0, 0.6364456672785958, 0.8963636363636364]
40 [50.0, 40.0, 17.0, 443.0, 0.6364456672785958, 0.8963636363636364]
41 [50.0, 40.0, 17.0, 443.0, 0.6364456672785958, 0.8963636363636364]
42 [51.0, 39.0, 16.0, 444.0, 0.6491843511472677, 0.9]
43 [50.0, 40.0, 17.0, 443.0, 0.6364456672785958, 0.8963636363636364]
44 [50.0, 40.0, 16.0, 444.0, 0.6405296283489116, 0.8981818181818182]
45 [51.0, 39.0, 15.0, 445.0, 0.6533499695275097, 0.9018181818181819]
46 [51.0, 39.0, 16.0, 444.0, 0.6491843511472677, 0.9]
47 [51.0, 39.0, 16.0, 444.0, 0.6491843511472677, 0.9]
48 [51.0, 39.0, 17.0, 443.0, 0.6450715144099525, 0.8981818181818182]
49 [51.0, 39.0, 17.0, 443.0, 0.6450715144099525, 0.8981818181818182]
50 [50.0, 40.0, 14.0, 446.0, 0.648856831044867, 0.9018181818181819]
[50.0, 40.0, 14.0, 446.0, 0.648856831044867, 0.9018181818181819]
precious=0.555549382785	recall=0.781237793159	f_scores=0.648856831045
p_avg=0.112871312469	r_avg=0.149334821573	f_avg=0.128348961109
