1 [0.0, 81.0, 0.0, 469.0, 0.0, 0.8527272727272728]
2 [15.0, 66.0, 5.0, 464.0, 0.29670653745580255, 0.8709090909090909]
3 [33.0, 48.0, 12.0, 457.0, 0.5233424267226463, 0.8909090909090909]
4 [36.0, 45.0, 15.0, 454.0, 0.5449725186378889, 0.8909090909090909]
5 [41.0, 40.0, 19.0, 450.0, 0.5810635360792521, 0.8927272727272727]
6 [41.0, 40.0, 17.0, 452.0, 0.5894336594448124, 0.8963636363636364]
7 [41.0, 40.0, 17.0, 452.0, 0.5894336594448124, 0.8963636363636364]
8 [45.0, 36.0, 16.0, 453.0, 0.6333041872776181, 0.9054545454545454]
9 [43.0, 38.0, 16.0, 453.0, 0.613789672311136, 0.9018181818181819]
10 [44.0, 37.0, 15.0, 454.0, 0.6280751737334882, 0.9054545454545454]
11 [40.0, 41.0, 16.0, 453.0, 0.5834501303403463, 0.8963636363636364]
12 [40.0, 41.0, 15.0, 454.0, 0.5877453115952143, 0.8981818181818182]
13 [40.0, 41.0, 14.0, 455.0, 0.5921042014725892, 0.9]
14 [40.0, 41.0, 14.0, 455.0, 0.5921042014725892, 0.9]
15 [41.0, 40.0, 12.0, 457.0, 0.6114533690526087, 0.9054545454545454]
16 [41.0, 40.0, 13.0, 456.0, 0.6069187873439842, 0.9036363636363637]
17 [42.0, 39.0, 15.0, 454.0, 0.6082023390047977, 0.9018181818181819]
18 [44.0, 37.0, 15.0, 454.0, 0.6280751737334882, 0.9054545454545454]
19 [43.0, 38.0, 17.0, 452.0, 0.609431908930879, 0.9]
20 [42.0, 39.0, 17.0, 452.0, 0.5995041713067606, 0.8981818181818182]
21 [43.0, 38.0, 18.0, 451.0, 0.6051355875322008, 0.8981818181818182]
22 [44.0, 37.0, 17.0, 452.0, 0.61921988720509, 0.9018181818181819]
23 [41.0, 40.0, 18.0, 451.0, 0.58521867075092, 0.8945454545454545]
24 [42.0, 39.0, 19.0, 450.0, 0.5910512882874718, 0.8945454545454545]
25 [42.0, 39.0, 18.0, 451.0, 0.5952477222780367, 0.8963636363636364]
26 [42.0, 39.0, 19.0, 450.0, 0.5910512882874718, 0.8945454545454545]
27 [41.0, 40.0, 19.0, 450.0, 0.5810635360792521, 0.8927272727272727]
28 [41.0, 40.0, 18.0, 451.0, 0.58521867075092, 0.8945454545454545]
29 [42.0, 39.0, 17.0, 452.0, 0.5995041713067606, 0.8981818181818182]
30 [42.0, 39.0, 18.0, 451.0, 0.5952477222780367, 0.8963636363636364]
31 [43.0, 38.0, 19.0, 450.0, 0.6008994177662763, 0.8963636363636364]
32 [43.0, 38.0, 19.0, 450.0, 0.6008994177662763, 0.8963636363636364]
33 [41.0, 40.0, 17.0, 452.0, 0.5894336594448124, 0.8963636363636364]
34 [42.0, 39.0, 18.0, 451.0, 0.5952477222780367, 0.8963636363636364]
35 [42.0, 39.0, 18.0, 451.0, 0.5952477222780367, 0.8963636363636364]
36 [41.0, 40.0, 18.0, 451.0, 0.58521867075092, 0.8945454545454545]
37 [41.0, 40.0, 19.0, 450.0, 0.5810635360792521, 0.8927272727272727]
38 [44.0, 37.0, 17.0, 452.0, 0.61921988720509, 0.9018181818181819]
39 [42.0, 39.0, 18.0, 451.0, 0.5952477222780367, 0.8963636363636364]
40 [42.0, 39.0, 17.0, 452.0, 0.5995041713067606, 0.8981818181818182]
41 [42.0, 39.0, 19.0, 450.0, 0.5910512882874718, 0.8945454545454545]
42 [44.0, 37.0, 18.0, 451.0, 0.6148852270439611, 0.9]
43 [42.0, 39.0, 18.0, 451.0, 0.5952477222780367, 0.8963636363636364]
44 [44.0, 37.0, 18.0, 451.0, 0.6148852270439611, 0.9]
45 [42.0, 39.0, 16.0, 453.0, 0.6038219320981252, 0.9]
46 [42.0, 39.0, 16.0, 453.0, 0.6038219320981252, 0.9]
47 [44.0, 37.0, 17.0, 452.0, 0.61921988720509, 0.9018181818181819]
48 [44.0, 37.0, 17.0, 452.0, 0.61921988720509, 0.9018181818181819]
49 [43.0, 38.0, 18.0, 451.0, 0.6051355875322008, 0.8981818181818182]
50 [43.0, 38.0, 17.0, 452.0, 0.609431908930879, 0.9]
[43.0, 38.0, 17.0, 452.0, 0.609431908930879, 0.9]
precious=0.530857643733	recall=0.716654722421	f_scores=0.609431908931
p_avg=0.520484324722	r_avg=0.648995203566	f_avg=0.576100616716
