1 [0.0, 93.0, 0.0, 457.0, 0.0, 0.8309090909090909]
2 [21.0, 72.0, 7.0, 450.0, 0.34674634679642735, 0.8563636363636363]
3 [43.0, 50.0, 15.0, 442.0, 0.5690561352919383, 0.8818181818181818]
4 [47.0, 46.0, 19.0, 438.0, 0.5907023483263705, 0.8818181818181818]
5 [49.0, 44.0, 20.0, 437.0, 0.604442171999142, 0.8836363636363637]
6 [50.0, 43.0, 20.0, 437.0, 0.6129997511319566, 0.8854545454545455]
7 [53.0, 40.0, 20.0, 437.0, 0.6380541612458037, 0.8909090909090909]
8 [50.0, 43.0, 19.0, 438.0, 0.6167876907036373, 0.8872727272727273]
9 [50.0, 43.0, 17.0, 440.0, 0.6245057692566611, 0.8909090909090909]
10 [48.0, 45.0, 15.0, 442.0, 0.6148955930580945, 0.8909090909090909]
11 [47.0, 46.0, 17.0, 440.0, 0.5982359359814902, 0.8854545454545455]
12 [47.0, 46.0, 14.0, 443.0, 0.6099036462760645, 0.8909090909090909]
13 [48.0, 45.0, 14.0, 443.0, 0.6188672183388522, 0.8927272727272727]
14 [47.0, 46.0, 15.0, 442.0, 0.6059641669261169, 0.889090909090909]
15 [49.0, 44.0, 13.0, 444.0, 0.6317702700738991, 0.8963636363636364]
16 [49.0, 44.0, 13.0, 444.0, 0.6317702700738991, 0.8963636363636364]
17 [50.0, 43.0, 14.0, 443.0, 0.6364519863254982, 0.8963636363636364]
18 [50.0, 43.0, 12.0, 445.0, 0.6446733221119331, 0.9]
19 [52.0, 41.0, 14.0, 443.0, 0.6535946006991099, 0.9]
20 [53.0, 40.0, 13.0, 444.0, 0.6661730520399763, 0.9036363636363637]
21 [53.0, 40.0, 13.0, 444.0, 0.6661730520399763, 0.9036363636363637]
22 [54.0, 39.0, 13.0, 444.0, 0.6745051162206925, 0.9054545454545454]
23 [54.0, 39.0, 14.0, 443.0, 0.670311530746884, 0.9036363636363637]
24 [54.0, 39.0, 13.0, 444.0, 0.6745051162206925, 0.9054545454545454]
25 [54.0, 39.0, 14.0, 443.0, 0.670311530746884, 0.9036363636363637]
26 [54.0, 39.0, 15.0, 442.0, 0.6661697684431573, 0.9018181818181819]
27 [54.0, 39.0, 14.0, 443.0, 0.670311530746884, 0.9036363636363637]
28 [54.0, 39.0, 15.0, 442.0, 0.6661697684431573, 0.9018181818181819]
29 [54.0, 39.0, 15.0, 442.0, 0.6661697684431573, 0.9018181818181819]
30 [54.0, 39.0, 16.0, 441.0, 0.6620788745840133, 0.9]
31 [55.0, 38.0, 14.0, 443.0, 0.678515288528801, 0.9054545454545454]
32 [53.0, 40.0, 15.0, 442.0, 0.6578893314986082, 0.9]
33 [55.0, 38.0, 15.0, 442.0, 0.6743486561045268, 0.9036363636363637]
34 [55.0, 38.0, 15.0, 442.0, 0.6743486561045268, 0.9036363636363637]
35 [56.0, 37.0, 15.0, 442.0, 0.6824278511607802, 0.9054545454545454]
36 [55.0, 38.0, 15.0, 442.0, 0.6743486561045268, 0.9036363636363637]
37 [56.0, 37.0, 14.0, 443.0, 0.6866184378598816, 0.9072727272727272]
38 [55.0, 38.0, 15.0, 442.0, 0.6743486561045268, 0.9036363636363637]
39 [55.0, 38.0, 16.0, 441.0, 0.6702328843379797, 0.9018181818181819]
40 [55.0, 38.0, 15.0, 442.0, 0.6743486561045268, 0.9036363636363637]
41 [55.0, 38.0, 15.0, 442.0, 0.6743486561045268, 0.9036363636363637]
42 [55.0, 38.0, 15.0, 442.0, 0.6743486561045268, 0.9036363636363637]
43 [55.0, 38.0, 16.0, 441.0, 0.6702328843379797, 0.9018181818181819]
44 [56.0, 37.0, 17.0, 440.0, 0.6741982837485222, 0.9018181818181819]
45 [55.0, 38.0, 16.0, 441.0, 0.6702328843379797, 0.9018181818181819]
46 [55.0, 38.0, 18.0, 439.0, 0.6621502426679334, 0.8981818181818182]
47 [55.0, 38.0, 16.0, 441.0, 0.6702328843379797, 0.9018181818181819]
48 [56.0, 37.0, 16.0, 441.0, 0.6782881063478104, 0.9036363636363637]
49 [57.0, 36.0, 16.0, 441.0, 0.6862463250581851, 0.9054545454545454]
50 [57.0, 36.0, 16.0, 441.0, 0.6862463250581851, 0.9054545454545454]
[57.0, 36.0, 16.0, 441.0, 0.6862463250581851, 0.9054545454545454]
precious=0.61289663552	recall=0.780811221764	f_scores=0.686246325058
p_avg=0.230112690882	r_avg=0.303221172697	f_avg=0.261307445629
