1 [0.0, 84.0, 0.0, 466.0, 0.0, 0.8472727272727273]
2 [14.0, 70.0, 10.0, 456.0, 0.2589092338383454, 0.8545454545454545]
3 [34.0, 50.0, 24.0, 442.0, 0.4783837440706961, 0.8654545454545455]
4 [38.0, 46.0, 26.0, 440.0, 0.5130161735233009, 0.8690909090909091]
5 [41.0, 43.0, 30.0, 436.0, 0.5285294145141243, 0.8672727272727273]
6 [42.0, 42.0, 31.0, 435.0, 0.5345279481881469, 0.8672727272727273]
7 [40.0, 44.0, 26.0, 440.0, 0.5328338770583017, 0.8727272727272727]
8 [42.0, 42.0, 26.0, 440.0, 0.5521302896173279, 0.8763636363636363]
9 [42.0, 42.0, 21.0, 445.0, 0.570931420271644, 0.8854545454545455]
10 [42.0, 42.0, 21.0, 445.0, 0.570931420271644, 0.8854545454545455]
11 [41.0, 43.0, 19.0, 447.0, 0.5689508387321349, 0.8872727272727273]
12 [41.0, 43.0, 19.0, 447.0, 0.5689508387321349, 0.8872727272727273]
13 [44.0, 40.0, 20.0, 446.0, 0.5940960950567865, 0.8909090909090909]
14 [45.0, 39.0, 19.0, 447.0, 0.6076094169669756, 0.8945454545454545]
15 [45.0, 39.0, 17.0, 449.0, 0.6159416516288544, 0.8981818181818182]
16 [45.0, 39.0, 17.0, 449.0, 0.6159416516288544, 0.8981818181818182]
17 [46.0, 38.0, 19.0, 447.0, 0.6169498981965366, 0.8963636363636364]
18 [46.0, 38.0, 18.0, 448.0, 0.6211227392677581, 0.8981818181818182]
19 [46.0, 38.0, 17.0, 449.0, 0.625352412109697, 0.9]
20 [46.0, 38.0, 18.0, 448.0, 0.6211227392677581, 0.8981818181818182]
21 [48.0, 36.0, 17.0, 449.0, 0.6437951591400581, 0.9036363636363637]
22 [48.0, 36.0, 18.0, 448.0, 0.6394990457578374, 0.9018181818181819]
23 [48.0, 36.0, 18.0, 448.0, 0.6394990457578374, 0.9018181818181819]
24 [47.0, 37.0, 19.0, 447.0, 0.6261658982610062, 0.8981818181818182]
25 [48.0, 36.0, 19.0, 447.0, 0.6352598891376514, 0.9]
26 [47.0, 37.0, 20.0, 446.0, 0.6220150395968063, 0.8963636363636364]
27 [47.0, 37.0, 21.0, 445.0, 0.6179188506759089, 0.8945454545454545]
28 [47.0, 37.0, 23.0, 443.0, 0.6098862179898649, 0.8909090909090909]
29 [47.0, 37.0, 24.0, 442.0, 0.605947711028701, 0.889090909090909]
30 [47.0, 37.0, 22.0, 444.0, 0.6138762585055932, 0.8927272727272727]
31 [47.0, 37.0, 26.0, 440.0, 0.5982213551865102, 0.8854545454545455]
32 [47.0, 37.0, 22.0, 444.0, 0.6138762585055932, 0.8927272727272727]
33 [47.0, 37.0, 25.0, 441.0, 0.6020597456519754, 0.8872727272727273]
34 [48.0, 36.0, 25.0, 441.0, 0.6109600378135829, 0.889090909090909]
35 [49.0, 35.0, 24.0, 442.0, 0.6236987207913879, 0.8927272727272727]
36 [50.0, 34.0, 23.0, 443.0, 0.6364374040988976, 0.8963636363636364]
37 [48.0, 36.0, 24.0, 442.0, 0.6148800855812341, 0.8909090909090909]
38 [48.0, 36.0, 24.0, 442.0, 0.6148800855812341, 0.8909090909090909]
39 [48.0, 36.0, 24.0, 442.0, 0.6148800855812341, 0.8909090909090909]
40 [50.0, 34.0, 24.0, 442.0, 0.63240577534205, 0.8945454545454545]
41 [47.0, 37.0, 24.0, 442.0, 0.605947711028701, 0.889090909090909]
42 [49.0, 35.0, 25.0, 441.0, 0.6197477157068289, 0.8909090909090909]
43 [49.0, 35.0, 24.0, 442.0, 0.6236987207913879, 0.8927272727272727]
44 [48.0, 36.0, 23.0, 443.0, 0.6188507618898469, 0.8927272727272727]
45 [48.0, 36.0, 24.0, 442.0, 0.6148800855812341, 0.8909090909090909]
46 [47.0, 37.0, 23.0, 443.0, 0.6098862179898649, 0.8909090909090909]
47 [49.0, 35.0, 24.0, 442.0, 0.6236987207913879, 0.8927272727272727]
48 [49.0, 35.0, 24.0, 442.0, 0.6236987207913879, 0.8927272727272727]
49 [49.0, 35.0, 24.0, 442.0, 0.6236987207913879, 0.8927272727272727]
50 [49.0, 35.0, 24.0, 442.0, 0.6236987207913879, 0.8927272727272727]
[49.0, 35.0, 24.0, 442.0, 0.6236987207913879, 0.8927272727272727]
precious=0.583326388972	recall=0.671223681867	f_scores=0.623698720791
p_avg=0.288445329779	r_avg=0.370343540884	f_avg=0.323677317708
