1 [0.0, 78.0, 0.0, 472.0, 0.0, 0.8581818181818182]
2 [13.0, 65.0, 5.0, 467.0, 0.27052333786565796, 0.8727272727272727]
3 [29.0, 49.0, 10.0, 462.0, 0.4952739736911309, 0.8927272727272727]
4 [32.0, 46.0, 15.0, 457.0, 0.5115229888276969, 0.889090909090909]
5 [41.0, 37.0, 17.0, 455.0, 0.6024435192283918, 0.9018181818181819]
6 [40.0, 38.0, 18.0, 454.0, 0.5877378630414744, 0.8981818181818182]
7 [38.0, 40.0, 14.0, 458.0, 0.5841267838445524, 0.9018181818181819]
8 [36.0, 42.0, 16.0, 456.0, 0.5533580482990432, 0.8945454545454545]
9 [36.0, 42.0, 16.0, 456.0, 0.5533580482990432, 0.8945454545454545]
10 [35.0, 43.0, 15.0, 457.0, 0.5463907943321281, 0.8945454545454545]
11 [35.0, 43.0, 15.0, 457.0, 0.5463907943321281, 0.8945454545454545]
12 [34.0, 44.0, 16.0, 456.0, 0.5307660506370605, 0.8909090909090909]
13 [35.0, 43.0, 15.0, 457.0, 0.5463907943321281, 0.8945454545454545]
14 [36.0, 42.0, 16.0, 456.0, 0.5533580482990432, 0.8945454545454545]
15 [37.0, 41.0, 15.0, 457.0, 0.5687424157766653, 0.8981818181818182]
16 [37.0, 41.0, 15.0, 457.0, 0.5687424157766653, 0.8981818181818182]
17 [37.0, 41.0, 16.0, 456.0, 0.5643954920225284, 0.8963636363636364]
18 [36.0, 42.0, 15.0, 457.0, 0.5576531939334087, 0.8963636363636364]
19 [41.0, 37.0, 17.0, 455.0, 0.6024435192283918, 0.9018181818181819]
20 [35.0, 43.0, 16.0, 456.0, 0.5421495700116846, 0.8927272727272727]
21 [39.0, 39.0, 17.0, 455.0, 0.5815947477644778, 0.8981818181818182]
22 [38.0, 40.0, 16.0, 456.0, 0.5752657863581414, 0.8981818181818182]
23 [39.0, 39.0, 15.0, 457.0, 0.5904170615521172, 0.9018181818181819]
24 [39.0, 39.0, 18.0, 454.0, 0.577281728305325, 0.8963636363636364]
25 [39.0, 39.0, 18.0, 454.0, 0.577281728305325, 0.8963636363636364]
26 [39.0, 39.0, 18.0, 454.0, 0.577281728305325, 0.8963636363636364]
27 [39.0, 39.0, 17.0, 455.0, 0.5815947477644778, 0.8981818181818182]
28 [40.0, 38.0, 17.0, 455.0, 0.5920963133615058, 0.9]
29 [40.0, 38.0, 18.0, 454.0, 0.5877378630414744, 0.8981818181818182]
30 [39.0, 39.0, 18.0, 454.0, 0.577281728305325, 0.8963636363636364]
31 [41.0, 37.0, 18.0, 454.0, 0.5980414263889124, 0.9]
32 [40.0, 38.0, 18.0, 454.0, 0.5877378630414744, 0.8981818181818182]
33 [40.0, 38.0, 18.0, 454.0, 0.5877378630414744, 0.8981818181818182]
34 [40.0, 38.0, 18.0, 454.0, 0.5877378630414744, 0.8981818181818182]
35 [40.0, 38.0, 19.0, 453.0, 0.5834431093849581, 0.8963636363636364]
36 [41.0, 37.0, 18.0, 454.0, 0.5980414263889124, 0.9]
37 [42.0, 36.0, 18.0, 454.0, 0.608195733539303, 0.9018181818181819]
38 [40.0, 38.0, 18.0, 454.0, 0.5877378630414744, 0.8981818181818182]
39 [41.0, 37.0, 19.0, 453.0, 0.5937031996167885, 0.8981818181818182]
40 [42.0, 36.0, 19.0, 453.0, 0.6038157314657849, 0.9]
41 [42.0, 36.0, 20.0, 452.0, 0.5994983646455058, 0.8981818181818182]
42 [42.0, 36.0, 20.0, 452.0, 0.5994983646455058, 0.8981818181818182]
43 [42.0, 36.0, 20.0, 452.0, 0.5994983646455058, 0.8981818181818182]
44 [42.0, 36.0, 20.0, 452.0, 0.5994983646455058, 0.8981818181818182]
45 [42.0, 36.0, 20.0, 452.0, 0.5994983646455058, 0.8981818181818182]
46 [43.0, 35.0, 22.0, 450.0, 0.6008947309869058, 0.8963636363636364]
47 [43.0, 35.0, 20.0, 452.0, 0.609426485509271, 0.9]
48 [43.0, 35.0, 19.0, 453.0, 0.6137838654292364, 0.9018181818181819]
49 [43.0, 35.0, 19.0, 453.0, 0.6137838654292364, 0.9018181818181819]
50 [43.0, 35.0, 19.0, 453.0, 0.6137838654292364, 0.9018181818181819]
[43.0, 35.0, 19.0, 453.0, 0.6137838654292364, 0.9018181818181819]
precious=0.551274983654	recall=0.693537201013	f_scores=0.613783865429
p_avg=0.467398560349	r_avg=0.577329731324	f_avg=0.515157425823
