1 [0.0, 76.0, 0.0, 474.0, 0.0, 0.8618181818181818]
2 [11.0, 65.0, 3.0, 471.0, 0.24417656795057616, 0.8763636363636363]
3 [22.0, 54.0, 12.0, 462.0, 0.39956607289576956, 0.88]
4 [30.0, 46.0, 17.0, 457.0, 0.48732519646204986, 0.8854545454545455]
5 [33.0, 43.0, 18.0, 456.0, 0.5191966740092006, 0.889090909090909]
6 [38.0, 38.0, 19.0, 455.0, 0.5709306018940463, 0.8963636363636364]
7 [36.0, 40.0, 19.0, 455.0, 0.5491232095371837, 0.8927272727272727]
8 [36.0, 40.0, 20.0, 454.0, 0.544958196336538, 0.8909090909090909]
9 [38.0, 38.0, 20.0, 454.0, 0.5666651605432886, 0.8945454545454545]
10 [38.0, 38.0, 22.0, 452.0, 0.5583226664446443, 0.8909090909090909]
11 [38.0, 38.0, 20.0, 454.0, 0.5666651605432886, 0.8945454545454545]
12 [39.0, 37.0, 19.0, 455.0, 0.5815903000345126, 0.8981818181818182]
13 [41.0, 35.0, 19.0, 455.0, 0.6024396329432362, 0.9018181818181819]
14 [40.0, 36.0, 19.0, 455.0, 0.5920921502765011, 0.9]
15 [40.0, 36.0, 17.0, 457.0, 0.6010053166557533, 0.9036363636363637]
16 [38.0, 38.0, 18.0, 456.0, 0.5752607445214791, 0.8981818181818182]
17 [38.0, 38.0, 19.0, 455.0, 0.5709306018940463, 0.8963636363636364]
18 [37.0, 39.0, 16.0, 458.0, 0.5731508194849034, 0.9]
19 [37.0, 39.0, 16.0, 458.0, 0.5731508194849034, 0.9]
20 [37.0, 39.0, 16.0, 458.0, 0.5731508194849034, 0.9]
21 [37.0, 39.0, 16.0, 458.0, 0.5731508194849034, 0.9]
22 [37.0, 39.0, 16.0, 458.0, 0.5731508194849034, 0.9]
23 [35.0, 41.0, 16.0, 458.0, 0.5506922156532217, 0.8963636363636364]
24 [33.0, 43.0, 16.0, 458.0, 0.5275153093424608, 0.8927272727272727]
25 [34.0, 42.0, 16.0, 458.0, 0.5391956870082765, 0.8945454545454545]
26 [35.0, 41.0, 16.0, 458.0, 0.5506922156532217, 0.8963636363636364]
27 [35.0, 41.0, 16.0, 458.0, 0.5506922156532217, 0.8963636363636364]
28 [36.0, 40.0, 17.0, 457.0, 0.557647195211582, 0.8963636363636364]
29 [35.0, 41.0, 16.0, 458.0, 0.5506922156532217, 0.8963636363636364]
30 [35.0, 41.0, 16.0, 458.0, 0.5506922156532217, 0.8963636363636364]
31 [36.0, 40.0, 17.0, 457.0, 0.557647195211582, 0.8963636363636364]
32 [35.0, 41.0, 17.0, 457.0, 0.5463844579848723, 0.8945454545454545]
33 [36.0, 40.0, 17.0, 457.0, 0.557647195211582, 0.8963636363636364]
34 [36.0, 40.0, 18.0, 456.0, 0.5533523778917866, 0.8945454545454545]
35 [35.0, 41.0, 18.0, 456.0, 0.5421435715850679, 0.8927272727272727]
36 [35.0, 41.0, 18.0, 456.0, 0.5421435715850679, 0.8927272727272727]
37 [35.0, 41.0, 18.0, 456.0, 0.5421435715850679, 0.8927272727272727]
38 [36.0, 40.0, 18.0, 456.0, 0.5533523778917866, 0.8945454545454545]
39 [35.0, 41.0, 17.0, 457.0, 0.5463844579848723, 0.8945454545454545]
40 [36.0, 40.0, 17.0, 457.0, 0.557647195211582, 0.8963636363636364]
41 [38.0, 38.0, 18.0, 456.0, 0.5752607445214791, 0.8981818181818182]
42 [36.0, 40.0, 18.0, 456.0, 0.5533523778917866, 0.8945454545454545]
43 [37.0, 39.0, 18.0, 456.0, 0.564390140376968, 0.8963636363636364]
44 [37.0, 39.0, 18.0, 456.0, 0.564390140376968, 0.8963636363636364]
45 [35.0, 41.0, 16.0, 458.0, 0.5506922156532217, 0.8963636363636364]
46 [37.0, 39.0, 18.0, 456.0, 0.564390140376968, 0.8963636363636364]
47 [38.0, 38.0, 20.0, 454.0, 0.5666651605432886, 0.8945454545454545]
48 [37.0, 39.0, 20.0, 454.0, 0.5558932453620355, 0.8927272727272727]
49 [38.0, 38.0, 17.0, 457.0, 0.5796570718293769, 0.9]
50 [38.0, 38.0, 19.0, 455.0, 0.5709306018940463, 0.8963636363636364]
[38.0, 38.0, 19.0, 455.0, 0.5709306018940463, 0.8963636363636364]
precious=0.499993421139	recall=0.666654970965	f_scores=0.570930601894
p_avg=0.570483666836	r_avg=0.715660700662	f_avg=0.633193676905
