1 [0.0, 74.0, 0.0, 476.0, 0.0, 0.8654545454545455]
2 [15.0, 59.0, 4.0, 472.0, 0.32224890365940845, 0.8854545454545455]
3 [27.0, 47.0, 11.0, 465.0, 0.48168632045510124, 0.8945454545454545]
4 [33.0, 41.0, 16.0, 460.0, 0.5360977238883587, 0.8963636363636364]
5 [36.0, 38.0, 18.0, 458.0, 0.5620038403733306, 0.8981818181818182]
6 [36.0, 38.0, 21.0, 455.0, 0.5491187889017178, 0.8927272727272727]
7 [34.0, 40.0, 22.0, 454.0, 0.5225789207353124, 0.8872727272727273]
8 [31.0, 43.0, 21.0, 455.0, 0.49157140140348815, 0.8836363636363637]
9 [32.0, 42.0, 21.0, 455.0, 0.5034432114717723, 0.8854545454545455]
10 [33.0, 41.0, 19.0, 457.0, 0.5233169003640026, 0.8909090909090909]
11 [33.0, 41.0, 19.0, 457.0, 0.5233169003640026, 0.8909090909090909]
12 [34.0, 40.0, 18.0, 458.0, 0.5391896511175978, 0.8945454545454545]
13 [32.0, 42.0, 19.0, 457.0, 0.5115091909464968, 0.889090909090909]
14 [34.0, 40.0, 18.0, 458.0, 0.5391896511175978, 0.8945454545454545]
15 [36.0, 38.0, 18.0, 458.0, 0.5620038403733306, 0.8981818181818182]
16 [38.0, 36.0, 18.0, 458.0, 0.5841163872287815, 0.9018181818181819]
17 [39.0, 35.0, 18.0, 458.0, 0.5949195826067843, 0.9036363636363637]
18 [41.0, 33.0, 18.0, 458.0, 0.61603883684576, 0.9072727272727272]
19 [41.0, 33.0, 19.0, 457.0, 0.6114370221792016, 0.9054545454545454]
20 [41.0, 33.0, 19.0, 457.0, 0.6114370221792016, 0.9054545454545454]
21 [42.0, 32.0, 18.0, 458.0, 0.6263621630492554, 0.9090909090909091]
22 [42.0, 32.0, 19.0, 457.0, 0.6217180346638552, 0.9072727272727272]
23 [43.0, 31.0, 19.0, 457.0, 0.6318479235419658, 0.9090909090909091]
24 [43.0, 31.0, 19.0, 457.0, 0.6318479235419658, 0.9090909090909091]
25 [44.0, 30.0, 18.0, 458.0, 0.6465535808028463, 0.9127272727272727]
26 [42.0, 32.0, 18.0, 458.0, 0.6263621630492554, 0.9090909090909091]
27 [42.0, 32.0, 20.0, 456.0, 0.6171422667013315, 0.9054545454545454]
28 [42.0, 32.0, 19.0, 457.0, 0.6217180346638552, 0.9072727272727272]
29 [42.0, 32.0, 20.0, 456.0, 0.6171422667013315, 0.9054545454545454]
30 [42.0, 32.0, 20.0, 456.0, 0.6171422667013315, 0.9054545454545454]
31 [42.0, 32.0, 18.0, 458.0, 0.6263621630492554, 0.9090909090909091]
32 [42.0, 32.0, 19.0, 457.0, 0.6217180346638552, 0.9072727272727272]
33 [42.0, 32.0, 18.0, 458.0, 0.6263621630492554, 0.9090909090909091]
34 [43.0, 31.0, 20.0, 456.0, 0.6272316785026485, 0.9072727272727272]
35 [42.0, 32.0, 18.0, 458.0, 0.6263621630492554, 0.9090909090909091]
36 [42.0, 32.0, 19.0, 457.0, 0.6217180346638552, 0.9072727272727272]
37 [44.0, 30.0, 20.0, 456.0, 0.6371749308634284, 0.9090909090909091]
38 [43.0, 31.0, 18.0, 458.0, 0.6365326208460927, 0.9109090909090909]
39 [43.0, 31.0, 19.0, 457.0, 0.6318479235419658, 0.9090909090909091]
40 [44.0, 30.0, 20.0, 456.0, 0.6371749308634284, 0.9090909090909091]
41 [44.0, 30.0, 19.0, 457.0, 0.6418299966132607, 0.9109090909090909]
42 [44.0, 30.0, 19.0, 457.0, 0.6418299966132607, 0.9109090909090909]
43 [44.0, 30.0, 19.0, 457.0, 0.6418299966132607, 0.9109090909090909]
44 [44.0, 30.0, 19.0, 457.0, 0.6418299966132607, 0.9109090909090909]
45 [44.0, 30.0, 20.0, 456.0, 0.6371749308634284, 0.9090909090909091]
46 [44.0, 30.0, 19.0, 457.0, 0.6418299966132607, 0.9109090909090909]
47 [45.0, 29.0, 18.0, 458.0, 0.6564283151200672, 0.9145454545454546]
48 [44.0, 30.0, 18.0, 458.0, 0.6465535808028463, 0.9127272727272727]
49 [45.0, 29.0, 18.0, 458.0, 0.6564283151200672, 0.9145454545454546]
50 [44.0, 30.0, 18.0, 458.0, 0.6465535808028463, 0.9127272727272727]
[44.0, 30.0, 18.0, 458.0, 0.6465535808028463, 0.9127272727272727]
precious=0.594586559641	recall=0.709665973129	f_scores=0.646553580803
p_avg=0.412271061983	r_avg=0.507976011222	f_avg=0.45377903928
