1 [0.0, 84.0, 0.0, 466.0, 0.0, 0.8472727272727273]
2 [27.0, 57.0, 5.0, 461.0, 0.4651100301226614, 0.8872727272727273]
3 [38.0, 46.0, 11.0, 455.0, 0.5709549823459483, 0.8963636363636364]
4 [47.0, 37.0, 22.0, 444.0, 0.6138762585055932, 0.8927272727272727]
5 [47.0, 37.0, 22.0, 444.0, 0.6138762585055932, 0.8927272727272727]
6 [46.0, 38.0, 18.0, 448.0, 0.6211227392677581, 0.8981818181818182]
7 [45.0, 39.0, 17.0, 449.0, 0.6159416516288544, 0.8981818181818182]
8 [46.0, 38.0, 18.0, 448.0, 0.6211227392677581, 0.8981818181818182]
9 [45.0, 39.0, 17.0, 449.0, 0.6159416516288544, 0.8981818181818182]
10 [44.0, 40.0, 17.0, 449.0, 0.6064011519227908, 0.8963636363636364]
11 [41.0, 43.0, 16.0, 450.0, 0.5810707668973623, 0.8927272727272727]
12 [43.0, 41.0, 17.0, 449.0, 0.5967282114435856, 0.8945454545454545]
13 [44.0, 40.0, 17.0, 449.0, 0.6064011519227908, 0.8963636363636364]
14 [41.0, 43.0, 16.0, 450.0, 0.5810707668973623, 0.8927272727272727]
15 [41.0, 43.0, 16.0, 450.0, 0.5810707668973623, 0.8927272727272727]
16 [41.0, 43.0, 14.0, 452.0, 0.5894417201436912, 0.8963636363636364]
17 [41.0, 43.0, 13.0, 453.0, 0.5937182974493922, 0.8981818181818182]
18 [41.0, 43.0, 15.0, 451.0, 0.5852263109657576, 0.8945454545454545]
19 [42.0, 42.0, 15.0, 451.0, 0.5952549533832444, 0.8963636363636364]
20 [43.0, 41.0, 13.0, 453.0, 0.6137973131126169, 0.9018181818181819]
21 [43.0, 41.0, 14.0, 452.0, 0.609439140309847, 0.9]
22 [42.0, 42.0, 14.0, 452.0, 0.5995118118218953, 0.8981818181818182]
23 [43.0, 41.0, 13.0, 453.0, 0.6137973131126169, 0.9018181818181819]
24 [43.0, 41.0, 14.0, 452.0, 0.609439140309847, 0.9]
25 [43.0, 41.0, 14.0, 452.0, 0.609439140309847, 0.9]
26 [43.0, 41.0, 14.0, 452.0, 0.609439140309847, 0.9]
27 [43.0, 41.0, 14.0, 452.0, 0.609439140309847, 0.9]
28 [43.0, 41.0, 14.0, 452.0, 0.609439140309847, 0.9]
29 [43.0, 41.0, 14.0, 452.0, 0.609439140309847, 0.9]
30 [44.0, 40.0, 13.0, 453.0, 0.6236233276471437, 0.9036363636363637]
31 [44.0, 40.0, 13.0, 453.0, 0.6236233276471437, 0.9036363636363637]
32 [44.0, 40.0, 13.0, 453.0, 0.6236233276471437, 0.9036363636363637]
33 [44.0, 40.0, 14.0, 452.0, 0.6192267201564038, 0.9018181818181819]
34 [45.0, 39.0, 16.0, 450.0, 0.6201940564384631, 0.9]
35 [46.0, 38.0, 15.0, 451.0, 0.633986961331477, 0.9036363636363637]
36 [45.0, 39.0, 15.0, 451.0, 0.624505585866524, 0.9018181818181819]
37 [45.0, 39.0, 15.0, 451.0, 0.624505585866524, 0.9018181818181819]
38 [45.0, 39.0, 15.0, 451.0, 0.624505585866524, 0.9018181818181819]
39 [45.0, 39.0, 15.0, 451.0, 0.624505585866524, 0.9018181818181819]
40 [45.0, 39.0, 15.0, 451.0, 0.624505585866524, 0.9018181818181819]
41 [45.0, 39.0, 15.0, 451.0, 0.624505585866524, 0.9018181818181819]
42 [46.0, 38.0, 15.0, 451.0, 0.633986961331477, 0.9036363636363637]
43 [47.0, 37.0, 15.0, 451.0, 0.6433385201454564, 0.9054545454545454]
44 [45.0, 39.0, 15.0, 451.0, 0.624505585866524, 0.9018181818181819]
45 [46.0, 38.0, 16.0, 450.0, 0.6296400857084073, 0.9018181818181819]
46 [47.0, 37.0, 15.0, 451.0, 0.6433385201454564, 0.9054545454545454]
47 [48.0, 36.0, 15.0, 451.0, 0.6525629103049712, 0.9072727272727272]
48 [47.0, 37.0, 16.0, 450.0, 0.6389576610378108, 0.9036363636363637]
49 [48.0, 36.0, 15.0, 451.0, 0.6525629103049712, 0.9072727272727272]
50 [47.0, 37.0, 15.0, 451.0, 0.6433385201454564, 0.9054545454545454]
[47.0, 37.0, 15.0, 451.0, 0.6433385201454564, 0.9054545454545454]
precious=0.559517148605	recall=0.758052289479	f_scores=0.643338520145
p_avg=0.16882302733	r_avg=0.225140050521	f_avg=0.192682813123
