1 [0.0, 87.0, 0.0, 463.0, 0.0, 0.8418181818181818]
2 [20.0, 67.0, 8.0, 455.0, 0.347452029920255, 0.8636363636363636]
3 [38.0, 49.0, 22.0, 441.0, 0.5165170872855724, 0.8709090909090909]
4 [45.0, 42.0, 31.0, 432.0, 0.5516431898327675, 0.8672727272727273]
5 [48.0, 39.0, 32.0, 431.0, 0.5743447265086841, 0.8709090909090909]
6 [49.0, 38.0, 30.0, 433.0, 0.5898559154778131, 0.8763636363636363]
7 [50.0, 37.0, 28.0, 435.0, 0.6055551572448491, 0.8818181818181818]
8 [49.0, 38.0, 28.0, 435.0, 0.5970559622581827, 0.88]
9 [48.0, 39.0, 28.0, 435.0, 0.5884525261421637, 0.8781818181818182]
10 [43.0, 44.0, 21.0, 442.0, 0.5690408989421895, 0.8818181818181818]
11 [45.0, 42.0, 22.0, 441.0, 0.5839168407353406, 0.8836363636363637]
12 [44.0, 43.0, 22.0, 441.0, 0.5746657176087212, 0.8818181818181818]
13 [44.0, 43.0, 22.0, 441.0, 0.5746657176087212, 0.8818181818181818]
14 [44.0, 43.0, 22.0, 441.0, 0.5746657176087212, 0.8818181818181818]
15 [45.0, 42.0, 22.0, 441.0, 0.5839168407353406, 0.8836363636363637]
16 [45.0, 42.0, 22.0, 441.0, 0.5839168407353406, 0.8836363636363637]
17 [46.0, 41.0, 22.0, 441.0, 0.5930486496199088, 0.8854545454545455]
18 [47.0, 40.0, 26.0, 437.0, 0.5869969030637849, 0.88]
19 [46.0, 41.0, 25.0, 438.0, 0.5817766579815382, 0.88]
20 [47.0, 40.0, 25.0, 438.0, 0.5906923971388076, 0.8818181818181818]
21 [49.0, 38.0, 27.0, 436.0, 0.6007223056730434, 0.8818181818181818]
22 [50.0, 37.0, 27.0, 436.0, 0.6092509271985629, 0.8836363636363637]
23 [50.0, 37.0, 27.0, 436.0, 0.6092509271985629, 0.8836363636363637]
24 [49.0, 38.0, 27.0, 436.0, 0.6007223056730434, 0.8818181818181818]
25 [51.0, 36.0, 26.0, 437.0, 0.6214458924638457, 0.8872727272727273]
26 [50.0, 37.0, 26.0, 437.0, 0.6129920855464404, 0.8854545454545455]
27 [51.0, 36.0, 28.0, 435.0, 0.6139519942031406, 0.8836363636363637]
28 [50.0, 37.0, 26.0, 437.0, 0.6129920855464404, 0.8854545454545455]
29 [52.0, 35.0, 28.0, 435.0, 0.6222483111485441, 0.8854545454545455]
30 [52.0, 35.0, 26.0, 437.0, 0.6297972718973716, 0.889090909090909]
31 [53.0, 34.0, 27.0, 436.0, 0.6342242080928189, 0.889090909090909]
32 [54.0, 33.0, 28.0, 435.0, 0.6385465196350868, 0.889090909090909]
33 [54.0, 33.0, 28.0, 435.0, 0.6385465196350868, 0.889090909090909]
34 [55.0, 32.0, 27.0, 436.0, 0.6503806920228079, 0.8927272727272727]
35 [55.0, 32.0, 29.0, 434.0, 0.6427678721967139, 0.889090909090909]
36 [54.0, 33.0, 27.0, 436.0, 0.6423505152279557, 0.8909090909090909]
37 [54.0, 33.0, 29.0, 434.0, 0.6347873132752209, 0.8872727272727273]
38 [54.0, 33.0, 29.0, 434.0, 0.6347873132752209, 0.8872727272727273]
39 [55.0, 32.0, 29.0, 434.0, 0.6427678721967139, 0.889090909090909]
40 [55.0, 32.0, 30.0, 433.0, 0.6390279054604736, 0.8872727272727273]
41 [55.0, 32.0, 30.0, 433.0, 0.6390279054604736, 0.8872727272727273]
42 [55.0, 32.0, 30.0, 433.0, 0.6390279054604736, 0.8872727272727273]
43 [55.0, 32.0, 27.0, 436.0, 0.6503806920228079, 0.8927272727272727]
44 [55.0, 32.0, 29.0, 434.0, 0.6427678721967139, 0.889090909090909]
45 [57.0, 30.0, 30.0, 433.0, 0.6546652644546063, 0.8909090909090909]
46 [55.0, 32.0, 27.0, 436.0, 0.6503806920228079, 0.8927272727272727]
47 [57.0, 30.0, 27.0, 436.0, 0.6661593978696101, 0.8963636363636364]
48 [56.0, 31.0, 27.0, 436.0, 0.6583164342094003, 0.8945454545454545]
49 [57.0, 30.0, 27.0, 436.0, 0.6661593978696101, 0.8963636363636364]
50 [56.0, 31.0, 28.0, 435.0, 0.6544636349117605, 0.8927272727272727]
[56.0, 31.0, 28.0, 435.0, 0.6544636349117605, 0.8927272727272727]
precious=0.643670762405	recall=0.666658730253	f_scores=0.654463634912
p_avg=0.352812406019	r_avg=0.437009413909	f_avg=0.3891236812
