1 [0.0, 82.0, 0.0, 468.0, 0.0, 0.850909090909091]
2 [20.0, 62.0, 8.0, 460.0, 0.363250639340258, 0.8727272727272727]
3 [28.0, 54.0, 14.0, 454.0, 0.45115809065053825, 0.8763636363636363]
4 [40.0, 42.0, 17.0, 451.0, 0.5750478673572581, 0.8927272727272727]
5 [43.0, 39.0, 19.0, 449.0, 0.5967239746644276, 0.8945454545454545]
6 [40.0, 42.0, 18.0, 450.0, 0.5709355135580162, 0.8909090909090909]
7 [39.0, 43.0, 18.0, 450.0, 0.5606595955855992, 0.889090909090909]
8 [39.0, 43.0, 18.0, 450.0, 0.5606595955855992, 0.889090909090909]
9 [41.0, 41.0, 15.0, 453.0, 0.5937124259788029, 0.8981818181818182]
10 [43.0, 39.0, 20.0, 448.0, 0.592604259262573, 0.8927272727272727]
11 [45.0, 37.0, 19.0, 449.0, 0.6159379046480119, 0.8981818181818182]
12 [43.0, 39.0, 19.0, 449.0, 0.5967239746644276, 0.8945454545454545]
13 [47.0, 35.0, 17.0, 451.0, 0.6433347729110448, 0.9054545454545454]
14 [44.0, 38.0, 16.0, 452.0, 0.6192219667830047, 0.9018181818181819]
15 [45.0, 37.0, 17.0, 451.0, 0.6245013487797214, 0.9018181818181819]
16 [44.0, 38.0, 17.0, 451.0, 0.614887179962573, 0.9]
17 [43.0, 39.0, 18.0, 450.0, 0.6009013706125916, 0.8963636363636364]
18 [44.0, 38.0, 18.0, 450.0, 0.6106126615192217, 0.8981818181818182]
19 [45.0, 37.0, 18.0, 450.0, 0.6201900675979349, 0.9]
20 [46.0, 36.0, 18.0, 450.0, 0.6296363385980273, 0.9018181818181819]
21 [43.0, 39.0, 17.0, 451.0, 0.6051376670338479, 0.8981818181818182]
22 [45.0, 37.0, 17.0, 451.0, 0.6245013487797214, 0.9018181818181819]
23 [45.0, 37.0, 17.0, 451.0, 0.6245013487797214, 0.9018181818181819]
24 [47.0, 35.0, 18.0, 450.0, 0.6389541494813018, 0.9036363636363637]
25 [44.0, 38.0, 16.0, 452.0, 0.6192219667830047, 0.9018181818181819]
26 [45.0, 37.0, 17.0, 451.0, 0.6245013487797214, 0.9018181818181819]
27 [44.0, 38.0, 16.0, 452.0, 0.6192219667830047, 0.9018181818181819]
28 [45.0, 37.0, 16.0, 452.0, 0.6288729897135839, 0.9036363636363637]
29 [46.0, 36.0, 17.0, 451.0, 0.6339829723543023, 0.9036363636363637]
30 [46.0, 36.0, 18.0, 450.0, 0.6296363385980273, 0.9018181818181819]
31 [46.0, 36.0, 16.0, 452.0, 0.6383900364194881, 0.9054545454545454]
32 [47.0, 35.0, 16.0, 452.0, 0.6477758774697521, 0.9072727272727272]
33 [47.0, 35.0, 17.0, 451.0, 0.6433347729110448, 0.9054545454545454]
34 [47.0, 35.0, 17.0, 451.0, 0.6433347729110448, 0.9054545454545454]
35 [47.0, 35.0, 17.0, 451.0, 0.6433347729110448, 0.9054545454545454]
36 [46.0, 36.0, 18.0, 450.0, 0.6296363385980273, 0.9018181818181819]
37 [45.0, 37.0, 18.0, 450.0, 0.6201900675979349, 0.9]
38 [46.0, 36.0, 19.0, 449.0, 0.6253489006704601, 0.9]
39 [45.0, 37.0, 18.0, 450.0, 0.6201900675979349, 0.9]
40 [46.0, 36.0, 18.0, 450.0, 0.6296363385980273, 0.9018181818181819]
41 [45.0, 37.0, 17.0, 451.0, 0.6245013487797214, 0.9018181818181819]
42 [46.0, 36.0, 16.0, 452.0, 0.6383900364194881, 0.9054545454545454]
43 [45.0, 37.0, 19.0, 449.0, 0.6159379046480119, 0.8981818181818182]
44 [46.0, 36.0, 18.0, 450.0, 0.6296363385980273, 0.9018181818181819]
45 [46.0, 36.0, 19.0, 449.0, 0.6253489006704601, 0.9]
46 [47.0, 35.0, 19.0, 449.0, 0.6346327800441046, 0.9018181818181819]
47 [45.0, 37.0, 18.0, 450.0, 0.6201900675979349, 0.9]
48 [47.0, 35.0, 19.0, 449.0, 0.6346327800441046, 0.9018181818181819]
49 [45.0, 37.0, 18.0, 450.0, 0.6201900675979349, 0.9]
50 [47.0, 35.0, 19.0, 449.0, 0.6346327800441046, 0.9018181818181819]
[47.0, 35.0, 19.0, 449.0, 0.6346327800441046, 0.9018181818181819]
precious=0.573163741906	recall=0.712110422569	f_scores=0.634632780044
p_avg=0.0573163741906	r_avg=0.0712110422569	f_avg=0.0634632780044
