1 [0.0, 84.0, 0.0, 466.0, 0.0, 0.8472727272727273]
2 [3.0, 81.0, 0.0, 466.0, 0.06889738881051785, 0.8527272727272728]
3 [16.0, 68.0, 1.0, 465.0, 0.316545675335755, 0.8745454545454545]
4 [26.0, 58.0, 2.0, 464.0, 0.4639027218060472, 0.8909090909090909]
5 [32.0, 52.0, 8.0, 458.0, 0.5156840307291954, 0.8909090909090909]
6 [36.0, 48.0, 10.0, 456.0, 0.5533807310902522, 0.8945454545454545]
7 [32.0, 52.0, 10.0, 456.0, 0.507484387930311, 0.8872727272727273]
8 [32.0, 52.0, 7.0, 459.0, 0.5198840252564504, 0.8927272727272727]
9 [35.0, 49.0, 9.0, 457.0, 0.5464156537290862, 0.8945454545454545]
10 [40.0, 44.0, 15.0, 451.0, 0.5750534476372484, 0.8927272727272727]
11 [46.0, 38.0, 15.0, 451.0, 0.633986961331477, 0.9036363636363637]
12 [46.0, 38.0, 15.0, 451.0, 0.633986961331477, 0.9036363636363637]
13 [50.0, 34.0, 18.0, 448.0, 0.6573919918183305, 0.9054545454545454]
14 [51.0, 33.0, 17.0, 449.0, 0.670549706151214, 0.9090909090909091]
15 [49.0, 35.0, 17.0, 449.0, 0.652832193583445, 0.9054545454545454]
16 [55.0, 29.0, 17.0, 449.0, 0.7046224737627922, 0.9163636363636364]
17 [52.0, 32.0, 18.0, 448.0, 0.6748204009487645, 0.9090909090909091]
18 [55.0, 29.0, 17.0, 449.0, 0.7046224737627922, 0.9163636363636364]
19 [55.0, 29.0, 17.0, 449.0, 0.7046224737627922, 0.9163636363636364]
20 [54.0, 30.0, 17.0, 449.0, 0.6962690736275425, 0.9145454545454546]
21 [57.0, 27.0, 19.0, 447.0, 0.7119926927152624, 0.9163636363636364]
22 [57.0, 27.0, 17.0, 449.0, 0.7210122006272908, 0.92]
23 [57.0, 27.0, 20.0, 446.0, 0.707567034963155, 0.9145454545454546]
24 [58.0, 26.0, 19.0, 447.0, 0.7199892348424514, 0.9181818181818182]
25 [57.0, 27.0, 22.0, 444.0, 0.6988787487383578, 0.9109090909090909]
26 [58.0, 26.0, 21.0, 445.0, 0.7111485306962997, 0.9145454545454546]
27 [58.0, 26.0, 21.0, 445.0, 0.7111485306962997, 0.9145454545454546]
28 [59.0, 25.0, 22.0, 444.0, 0.7146433611440464, 0.9145454545454546]
29 [59.0, 25.0, 22.0, 444.0, 0.7146433611440464, 0.9145454545454546]
30 [59.0, 25.0, 22.0, 444.0, 0.7146433611440464, 0.9145454545454546]
31 [59.0, 25.0, 23.0, 443.0, 0.7103352331468465, 0.9127272727272727]
32 [61.0, 23.0, 23.0, 443.0, 0.7256821751981943, 0.9163636363636364]
33 [61.0, 23.0, 23.0, 443.0, 0.7256821751981943, 0.9163636363636364]
34 [61.0, 23.0, 23.0, 443.0, 0.7256821751981943, 0.9163636363636364]
35 [61.0, 23.0, 23.0, 443.0, 0.7256821751981943, 0.9163636363636364]
36 [62.0, 22.0, 23.0, 443.0, 0.7332194855642332, 0.9181818181818182]
37 [62.0, 22.0, 24.0, 442.0, 0.7289035951108904, 0.9163636363636364]
38 [62.0, 22.0, 25.0, 441.0, 0.7246382158899873, 0.9145454545454546]
39 [62.0, 22.0, 24.0, 442.0, 0.7289035951108904, 0.9163636363636364]
40 [62.0, 22.0, 24.0, 442.0, 0.7289035951108904, 0.9163636363636364]
41 [62.0, 22.0, 26.0, 440.0, 0.7204224663193698, 0.9127272727272727]
42 [62.0, 22.0, 26.0, 440.0, 0.7204224663193698, 0.9127272727272727]
43 [62.0, 22.0, 26.0, 440.0, 0.7204224663193698, 0.9127272727272727]
44 [63.0, 21.0, 27.0, 439.0, 0.7236305464064843, 0.9127272727272727]
45 [63.0, 21.0, 27.0, 439.0, 0.7236305464064843, 0.9127272727272727]
46 [63.0, 21.0, 29.0, 437.0, 0.7154023362319362, 0.9090909090909091]
47 [63.0, 21.0, 29.0, 437.0, 0.7154023362319362, 0.9090909090909091]
48 [64.0, 20.0, 29.0, 437.0, 0.7226573069448967, 0.9109090909090909]
49 [63.0, 21.0, 28.0, 438.0, 0.7194929173804966, 0.9109090909090909]
50 [63.0, 21.0, 29.0, 437.0, 0.7154023362319362, 0.9090909090909091]
[63.0, 21.0, 29.0, 437.0, 0.7154023362319362, 0.9090909090909091]
precious=0.749991071535	recall=0.684775165487	f_scores=0.715402336232
p_avg=0.691783302662	r_avg=0.693319073542	f_avg=0.691376286492
