1 [0.0, 89.0, 0.0, 461.0, 0.0, 0.8381818181818181]
2 [2.0, 87.0, 1.0, 460.0, 0.04341429745234584, 0.84]
3 [9.0, 80.0, 3.0, 458.0, 0.17800513580178495, 0.8490909090909091]
4 [17.0, 72.0, 6.0, 455.0, 0.30323998090155607, 0.8581818181818182]
5 [32.0, 57.0, 9.0, 452.0, 0.4918686605096419, 0.88]
6 [37.0, 52.0, 8.0, 453.0, 0.5517848317328847, 0.8909090909090909]
7 [34.0, 55.0, 5.0, 456.0, 0.5308183285822313, 0.8909090909090909]
8 [31.0, 58.0, 5.0, 456.0, 0.4955822880771248, 0.8854545454545455]
9 [34.0, 55.0, 6.0, 455.0, 0.5266960963561553, 0.889090909090909]
10 [45.0, 44.0, 8.0, 453.0, 0.6333263709236295, 0.9054545454545454]
11 [51.0, 38.0, 15.0, 446.0, 0.6575673972562166, 0.9036363636363637]
12 [52.0, 37.0, 14.0, 447.0, 0.670470449594136, 0.9072727272727272]
13 [55.0, 34.0, 17.0, 444.0, 0.6827272584765081, 0.9072727272727272]
14 [56.0, 33.0, 20.0, 441.0, 0.6782831183291099, 0.9036363636363637]
15 [56.0, 33.0, 21.0, 440.0, 0.6741936455832286, 0.9018181818181819]
16 [56.0, 33.0, 20.0, 441.0, 0.6782831183291099, 0.9036363636363637]
17 [55.0, 34.0, 20.0, 441.0, 0.6702275383851519, 0.9018181818181819]
18 [56.0, 33.0, 21.0, 440.0, 0.6741936455832286, 0.9018181818181819]
19 [57.0, 32.0, 21.0, 440.0, 0.6821290874296521, 0.9036363636363637]
20 [58.0, 31.0, 22.0, 439.0, 0.6858841895622539, 0.9036363636363637]
21 [57.0, 32.0, 22.0, 439.0, 0.6780654874870744, 0.9018181818181819]
22 [58.0, 31.0, 22.0, 439.0, 0.6858841895622539, 0.9036363636363637]
23 [57.0, 32.0, 23.0, 438.0, 0.6740500164295673, 0.9]
24 [57.0, 32.0, 23.0, 438.0, 0.6740500164295673, 0.9]
25 [58.0, 31.0, 23.0, 438.0, 0.6818463853258541, 0.9018181818181819]
26 [59.0, 30.0, 23.0, 438.0, 0.6895516074303977, 0.9036363636363637]
27 [61.0, 28.0, 27.0, 434.0, 0.688758126882273, 0.9]
28 [61.0, 28.0, 24.0, 437.0, 0.7006419863518473, 0.9054545454545454]
29 [61.0, 28.0, 26.0, 435.0, 0.6926743660766976, 0.9018181818181819]
30 [61.0, 28.0, 26.0, 435.0, 0.6926743660766976, 0.9018181818181819]
31 [61.0, 28.0, 26.0, 435.0, 0.6926743660766976, 0.9018181818181819]
32 [61.0, 28.0, 25.0, 436.0, 0.6966353949655136, 0.9036363636363637]
33 [61.0, 28.0, 28.0, 433.0, 0.6848859219579401, 0.8981818181818182]
34 [61.0, 28.0, 26.0, 435.0, 0.6926743660766976, 0.9018181818181819]
35 [61.0, 28.0, 26.0, 435.0, 0.6926743660766976, 0.9018181818181819]
36 [61.0, 28.0, 26.0, 435.0, 0.6926743660766976, 0.9018181818181819]
37 [61.0, 28.0, 27.0, 434.0, 0.688758126882273, 0.9]
38 [61.0, 28.0, 26.0, 435.0, 0.6926743660766976, 0.9018181818181819]
39 [61.0, 28.0, 26.0, 435.0, 0.6926743660766976, 0.9018181818181819]
40 [61.0, 28.0, 27.0, 434.0, 0.688758126882273, 0.9]
41 [62.0, 27.0, 26.0, 435.0, 0.7000574283933695, 0.9036363636363637]
42 [62.0, 27.0, 27.0, 434.0, 0.6961217448941609, 0.9018181818181819]
43 [62.0, 27.0, 27.0, 434.0, 0.6961217448941609, 0.9018181818181819]
44 [62.0, 27.0, 27.0, 434.0, 0.6961217448941609, 0.9018181818181819]
45 [62.0, 27.0, 27.0, 434.0, 0.6961217448941609, 0.9018181818181819]
46 [62.0, 27.0, 28.0, 433.0, 0.6922300663840474, 0.9]
47 [62.0, 27.0, 28.0, 433.0, 0.6922300663840474, 0.9]
48 [62.0, 27.0, 29.0, 432.0, 0.6883816589345156, 0.8981818181818182]
49 [62.0, 27.0, 27.0, 434.0, 0.6961217448941609, 0.9018181818181819]
50 [62.0, 27.0, 28.0, 433.0, 0.6922300663840474, 0.9]
[62.0, 27.0, 28.0, 433.0, 0.6922300663840474, 0.9]
precious=0.696621386277	recall=0.688881234653	f_scores=0.692230066384
p_avg=0.677231360444	r_avg=0.695455050556	f_avg=0.685369774056
