1 [0.0, 85.0, 0.0, 465.0, 0.0, 0.8454545454545455]
2 [4.0, 81.0, 0.0, 465.0, 0.08979983613693576, 0.8527272727272728]
3 [13.0, 72.0, 2.0, 463.0, 0.2597400401795866, 0.8654545454545455]
4 [20.0, 65.0, 3.0, 462.0, 0.3700285893522151, 0.8763636363636363]
5 [31.0, 54.0, 5.0, 460.0, 0.5119705587754075, 0.8927272727272727]
6 [32.0, 53.0, 5.0, 460.0, 0.5241593004244312, 0.8945454545454545]
7 [32.0, 53.0, 7.0, 458.0, 0.5156898739843113, 0.8909090909090909]
8 [26.0, 59.0, 5.0, 460.0, 0.44787682460812944, 0.8836363636363637]
9 [26.0, 59.0, 4.0, 461.0, 0.45178074065470886, 0.8854545454545455]
10 [33.0, 52.0, 7.0, 458.0, 0.5275567084856418, 0.8927272727272727]
11 [33.0, 52.0, 6.0, 459.0, 0.5318186352024287, 0.8945454545454545]
12 [38.0, 47.0, 8.0, 457.0, 0.5796884864911762, 0.9]
13 [44.0, 41.0, 10.0, 455.0, 0.6326096409689625, 0.9072727272727272]
14 [44.0, 41.0, 9.0, 456.0, 0.6371991528914114, 0.9090909090909091]
15 [46.0, 39.0, 11.0, 454.0, 0.6473979951265918, 0.9090909090909091]
16 [46.0, 39.0, 10.0, 455.0, 0.6519945159846692, 0.9109090909090909]
17 [46.0, 39.0, 11.0, 454.0, 0.6473979951265918, 0.9090909090909091]
18 [46.0, 39.0, 12.0, 453.0, 0.6428658309313783, 0.9072727272727272]
19 [46.0, 39.0, 13.0, 452.0, 0.6383966811925406, 0.9054545454545454]
20 [48.0, 37.0, 13.0, 452.0, 0.6570391096651672, 0.9090909090909091]
21 [52.0, 33.0, 13.0, 452.0, 0.6928333252931068, 0.9163636363636364]
22 [52.0, 33.0, 15.0, 450.0, 0.6837088902101767, 0.9127272727272727]
23 [50.0, 35.0, 13.0, 452.0, 0.675177946537112, 0.9127272727272727]
24 [52.0, 33.0, 14.0, 451.0, 0.6882408670097868, 0.9145454545454546]
25 [52.0, 33.0, 15.0, 450.0, 0.6837088902101767, 0.9127272727272727]
26 [50.0, 35.0, 15.0, 450.0, 0.6661670280721832, 0.9090909090909091]
27 [51.0, 34.0, 15.0, 450.0, 0.674996016209627, 0.9109090909090909]
28 [52.0, 33.0, 15.0, 450.0, 0.6837088902101767, 0.9127272727272727]
29 [53.0, 32.0, 16.0, 449.0, 0.6878085015332208, 0.9127272727272727]
30 [53.0, 32.0, 16.0, 449.0, 0.6878085015332208, 0.9127272727272727]
31 [53.0, 32.0, 16.0, 449.0, 0.6878085015332208, 0.9127272727272727]
32 [52.0, 33.0, 16.0, 449.0, 0.6792362079221678, 0.9109090909090909]
33 [52.0, 33.0, 16.0, 449.0, 0.6792362079221678, 0.9109090909090909]
34 [53.0, 32.0, 17.0, 448.0, 0.6833671847117211, 0.9109090909090909]
35 [52.0, 33.0, 18.0, 447.0, 0.670464132285426, 0.9072727272727272]
36 [53.0, 32.0, 19.0, 446.0, 0.6746544280266419, 0.9072727272727272]
37 [53.0, 32.0, 18.0, 447.0, 0.6789828568401234, 0.9090909090909091]
38 [53.0, 32.0, 20.0, 445.0, 0.6703808359951269, 0.9054545454545454]
39 [53.0, 32.0, 18.0, 447.0, 0.6789828568401234, 0.9090909090909091]
40 [53.0, 32.0, 21.0, 444.0, 0.6661610452159163, 0.9036363636363637]
41 [54.0, 31.0, 19.0, 446.0, 0.6830388968030536, 0.9090909090909091]
42 [54.0, 31.0, 20.0, 445.0, 0.6787394964804635, 0.9072727272727272]
43 [54.0, 31.0, 21.0, 444.0, 0.6744938828978562, 0.9054545454545454]
44 [54.0, 31.0, 22.0, 443.0, 0.6703010529980181, 0.9036363636363637]
45 [54.0, 31.0, 21.0, 444.0, 0.6744938828978562, 0.9054545454545454]
46 [54.0, 31.0, 21.0, 444.0, 0.6744938828978562, 0.9054545454545454]
47 [54.0, 31.0, 20.0, 445.0, 0.6787394964804635, 0.9072727272727272]
48 [53.0, 32.0, 22.0, 443.0, 0.6619940460693061, 0.9018181818181819]
49 [53.0, 32.0, 21.0, 444.0, 0.6661610452159163, 0.9036363636363637]
50 [54.0, 31.0, 23.0, 442.0, 0.6661600285107141, 0.9018181818181819]
[54.0, 31.0, 23.0, 442.0, 0.6661600285107141, 0.9018181818181819]
precious=0.635286643687	recall=0.701289593642	f_scores=0.666160028511
p_avg=0.639068066787	r_avg=0.683974014979	f_avg=0.660099047979
