1 [0.0, 69.0, 0.0, 481.0, 0.0, 0.8745454545454545]
2 [2.0, 67.0, 3.0, 478.0, 0.053926861720391135, 0.8727272727272727]
3 [9.0, 60.0, 6.0, 475.0, 0.21398763630132178, 0.88]
4 [20.0, 49.0, 10.0, 471.0, 0.40361027392131577, 0.8927272727272727]
5 [21.0, 48.0, 11.0, 470.0, 0.4154008986431621, 0.8927272727272727]
6 [22.0, 47.0, 7.0, 474.0, 0.4485541107999363, 0.9018181818181819]
7 [21.0, 48.0, 4.0, 477.0, 0.4464088923628736, 0.9054545454545454]
8 [21.0, 48.0, 3.0, 478.0, 0.4512205762915987, 0.9072727272727272]
9 [23.0, 46.0, 7.0, 474.0, 0.4642150526968551, 0.9036363636363637]
10 [26.0, 43.0, 10.0, 471.0, 0.4947784578310285, 0.9036363636363637]
11 [32.0, 37.0, 10.0, 471.0, 0.5760961540665557, 0.9145454545454546]
12 [32.0, 37.0, 13.0, 468.0, 0.560916226023772, 0.9090909090909091]
13 [34.0, 35.0, 12.0, 469.0, 0.5908144530943262, 0.9145454545454546]
14 [35.0, 34.0, 12.0, 469.0, 0.6029562404019758, 0.9163636363636364]
15 [36.0, 33.0, 12.0, 469.0, 0.6148905836472282, 0.9181818181818182]
16 [37.0, 32.0, 13.0, 468.0, 0.6213514157777332, 0.9181818181818182]
17 [34.0, 35.0, 13.0, 468.0, 0.5857151696576366, 0.9127272727272727]
18 [36.0, 33.0, 13.0, 468.0, 0.6096738992664085, 0.9163636363636364]
19 [37.0, 32.0, 13.0, 468.0, 0.6213514157777332, 0.9181818181818182]
20 [38.0, 31.0, 15.0, 466.0, 0.6224495944185855, 0.9163636363636364]
21 [39.0, 30.0, 14.0, 467.0, 0.6388427583770505, 0.92]
22 [39.0, 30.0, 14.0, 467.0, 0.6388427583770505, 0.92]
23 [39.0, 30.0, 15.0, 466.0, 0.6336438484181344, 0.9181818181818182]
24 [39.0, 30.0, 14.0, 467.0, 0.6388427583770505, 0.92]
25 [40.0, 29.0, 15.0, 466.0, 0.6446576354283314, 0.92]
26 [40.0, 29.0, 17.0, 464.0, 0.6344154783231161, 0.9163636363636364]
27 [40.0, 29.0, 17.0, 464.0, 0.6344154783231161, 0.9163636363636364]
28 [40.0, 29.0, 17.0, 464.0, 0.6344154783231161, 0.9163636363636364]
29 [40.0, 29.0, 17.0, 464.0, 0.6344154783231161, 0.9163636363636364]
30 [40.0, 29.0, 19.0, 462.0, 0.6244936810145105, 0.9127272727272727]
31 [40.0, 29.0, 17.0, 464.0, 0.6344154783231161, 0.9163636363636364]
32 [40.0, 29.0, 18.0, 463.0, 0.6294154815094651, 0.9145454545454546]
33 [40.0, 29.0, 18.0, 463.0, 0.6294154815094651, 0.9145454545454546]
34 [40.0, 29.0, 17.0, 464.0, 0.6344154783231161, 0.9163636363636364]
35 [40.0, 29.0, 18.0, 463.0, 0.6294154815094651, 0.9145454545454546]
36 [40.0, 29.0, 18.0, 463.0, 0.6294154815094651, 0.9145454545454546]
37 [40.0, 29.0, 19.0, 462.0, 0.6244936810145105, 0.9127272727272727]
38 [40.0, 29.0, 20.0, 461.0, 0.6196482566708537, 0.9109090909090909]
39 [41.0, 28.0, 21.0, 460.0, 0.6254464664814797, 0.9109090909090909]
40 [42.0, 27.0, 21.0, 460.0, 0.6358554185978792, 0.9127272727272727]
41 [42.0, 27.0, 22.0, 459.0, 0.6310705511254782, 0.9109090909090909]
42 [42.0, 27.0, 21.0, 460.0, 0.6358554185978792, 0.9127272727272727]
43 [42.0, 27.0, 22.0, 459.0, 0.6310705511254782, 0.9109090909090909]
44 [42.0, 27.0, 23.0, 458.0, 0.6263571588856727, 0.9090909090909091]
45 [42.0, 27.0, 23.0, 458.0, 0.6263571588856727, 0.9090909090909091]
46 [42.0, 27.0, 25.0, 456.0, 0.6171384883060387, 0.9054545454545454]
47 [43.0, 26.0, 22.0, 459.0, 0.6412823000128726, 0.9127272727272727]
48 [42.0, 27.0, 26.0, 455.0, 0.61263016933964, 0.9036363636363637]
49 [43.0, 26.0, 26.0, 455.0, 0.6226797750589582, 0.9054545454545454]
50 [44.0, 25.0, 26.0, 455.0, 0.6325848364689863, 0.9072727272727272]
[44.0, 25.0, 26.0, 455.0, 0.6325848364689863, 0.9072727272727272]
precious=0.637671917798	recall=0.628562449108	f_scores=0.632584836469
p_avg=0.682764738518	r_avg=0.682526302803	f_avg=0.681577711488
