1 [0.0, 84.0, 0.0, 466.0, 0.0, 0.8472727272727273]
2 [8.0, 76.0, 2.0, 464.0, 0.17001921219731797, 0.8581818181818182]
3 [8.0, 76.0, 2.0, 464.0, 0.17001921219731797, 0.8581818181818182]
4 [15.0, 69.0, 2.0, 464.0, 0.2967441037130925, 0.8709090909090909]
5 [16.0, 68.0, 3.0, 463.0, 0.3103729859285076, 0.8709090909090909]
6 [22.0, 62.0, 3.0, 463.0, 0.4033091164692214, 0.8818181818181818]
7 [34.0, 50.0, 8.0, 458.0, 0.5392298929415212, 0.8945454545454545]
8 [39.0, 45.0, 9.0, 457.0, 0.5904376890364598, 0.9018181818181819]
9 [44.0, 40.0, 19.0, 447.0, 0.5981419153630007, 0.8927272727272727]
10 [46.0, 38.0, 20.0, 446.0, 0.612832751114376, 0.8945454545454545]
11 [49.0, 35.0, 22.0, 444.0, 0.631753813095792, 0.8963636363636364]
12 [47.0, 37.0, 20.0, 446.0, 0.6220150395968063, 0.8963636363636364]
13 [47.0, 37.0, 22.0, 444.0, 0.6138762585055932, 0.8927272727272727]
14 [45.0, 39.0, 21.0, 445.0, 0.5994996043412743, 0.8909090909090909]
15 [45.0, 39.0, 19.0, 447.0, 0.6076094169669756, 0.8945454545454545]
16 [45.0, 39.0, 16.0, 450.0, 0.6201940564384631, 0.9]
17 [42.0, 42.0, 15.0, 451.0, 0.5952549533832444, 0.8963636363636364]
18 [43.0, 41.0, 16.0, 450.0, 0.6009058622072876, 0.8963636363636364]
19 [40.0, 44.0, 13.0, 453.0, 0.5834590663461394, 0.8963636363636364]
20 [40.0, 44.0, 14.0, 452.0, 0.5792257633953681, 0.8945454545454545]
21 [40.0, 44.0, 13.0, 453.0, 0.5834590663461394, 0.8963636363636364]
22 [38.0, 46.0, 13.0, 453.0, 0.5624848908265057, 0.8927272727272727]
23 [38.0, 46.0, 12.0, 454.0, 0.5666882884802948, 0.8945454545454545]
24 [38.0, 46.0, 12.0, 454.0, 0.5666882884802948, 0.8945454545454545]
25 [38.0, 46.0, 12.0, 454.0, 0.5666882884802948, 0.8945454545454545]
26 [37.0, 47.0, 12.0, 454.0, 0.5559176247134426, 0.8927272727272727]
27 [37.0, 47.0, 11.0, 455.0, 0.5601351374257437, 0.8945454545454545]
28 [37.0, 47.0, 13.0, 453.0, 0.5517631485208568, 0.8909090909090909]
29 [37.0, 47.0, 10.0, 456.0, 0.5644171323199094, 0.8963636363636364]
30 [37.0, 47.0, 11.0, 455.0, 0.5601351374257437, 0.8945454545454545]
31 [37.0, 47.0, 8.0, 458.0, 0.5731805757637, 0.9]
32 [37.0, 47.0, 11.0, 455.0, 0.5601351374257437, 0.8945454545454545]
33 [37.0, 47.0, 9.0, 457.0, 0.5687650996045168, 0.8981818181818182]
34 [37.0, 47.0, 11.0, 455.0, 0.5601351374257437, 0.8945454545454545]
35 [37.0, 47.0, 9.0, 457.0, 0.5687650996045168, 0.8981818181818182]
36 [37.0, 47.0, 11.0, 455.0, 0.5601351374257437, 0.8945454545454545]
37 [37.0, 47.0, 11.0, 455.0, 0.5601351374257437, 0.8945454545454545]
38 [37.0, 47.0, 9.0, 457.0, 0.5687650996045168, 0.8981818181818182]
39 [37.0, 47.0, 9.0, 457.0, 0.5687650996045168, 0.8981818181818182]
40 [37.0, 47.0, 11.0, 455.0, 0.5601351374257437, 0.8945454545454545]
41 [37.0, 47.0, 11.0, 455.0, 0.5601351374257437, 0.8945454545454545]
42 [37.0, 47.0, 11.0, 455.0, 0.5601351374257437, 0.8945454545454545]
43 [39.0, 45.0, 11.0, 455.0, 0.5816134289732245, 0.8981818181818182]
44 [39.0, 45.0, 11.0, 455.0, 0.5816134289732245, 0.8981818181818182]
45 [39.0, 45.0, 11.0, 455.0, 0.5816134289732245, 0.8981818181818182]
46 [39.0, 45.0, 11.0, 455.0, 0.5816134289732245, 0.8981818181818182]
47 [39.0, 45.0, 11.0, 455.0, 0.5816134289732245, 0.8981818181818182]
48 [39.0, 45.0, 11.0, 455.0, 0.5816134289732245, 0.8981818181818182]
49 [39.0, 45.0, 11.0, 455.0, 0.5816134289732245, 0.8981818181818182]
50 [39.0, 45.0, 11.0, 455.0, 0.5816134289732245, 0.8981818181818182]
[39.0, 45.0, 11.0, 455.0, 0.5816134289732245, 0.8981818181818182]
precious=0.464280187141	recall=0.779984400312	f_scores=0.581613428973
p_avg=0.656311836597	r_avg=0.686720007191	f_avg=0.666089507081
