1 [0.0, 79.0, 0.0, 471.0, 0.0, 0.8563636363636363]
2 [6.0, 73.0, 1.0, 470.0, 0.13938224233733948, 0.8654545454545455]
3 [17.0, 62.0, 1.0, 470.0, 0.35020622544899466, 0.8854545454545455]
4 [25.0, 54.0, 4.0, 467.0, 0.4625618861730824, 0.8945454545454545]
5 [29.0, 50.0, 7.0, 464.0, 0.5039093244948245, 0.8963636363636364]
6 [31.0, 48.0, 7.0, 464.0, 0.5294672319969578, 0.9]
7 [27.0, 52.0, 4.0, 467.0, 0.49049570212207766, 0.8981818181818182]
8 [31.0, 48.0, 4.0, 467.0, 0.5434249224089885, 0.9054545454545454]
9 [34.0, 45.0, 6.0, 465.0, 0.5709730180799006, 0.9072727272727272]
10 [34.0, 45.0, 7.0, 464.0, 0.5662077164549489, 0.9054545454545454]
11 [40.0, 39.0, 8.0, 463.0, 0.6294414808359264, 0.9145454545454546]
12 [44.0, 35.0, 14.0, 457.0, 0.6418385080018438, 0.9109090909090909]
13 [44.0, 35.0, 15.0, 456.0, 0.6371827949563389, 0.9090909090909091]
14 [44.0, 35.0, 18.0, 453.0, 0.6236122793754159, 0.9036363636363637]
15 [46.0, 33.0, 19.0, 452.0, 0.6383851251543964, 0.9054545454545454]
16 [45.0, 34.0, 17.0, 454.0, 0.6377964667130175, 0.9072727272727272]
17 [46.0, 33.0, 18.0, 453.0, 0.6428535266215042, 0.9072727272727272]
18 [49.0, 30.0, 20.0, 451.0, 0.661655870607869, 0.9090909090909091]
19 [48.0, 31.0, 19.0, 452.0, 0.6570289918430463, 0.9090909090909091]
20 [49.0, 30.0, 20.0, 451.0, 0.661655870607869, 0.9090909090909091]
21 [47.0, 32.0, 18.0, 453.0, 0.6522738129881507, 0.9090909090909091]
22 [49.0, 30.0, 19.0, 452.0, 0.6661607667193873, 0.9109090909090909]
23 [49.0, 30.0, 18.0, 453.0, 0.670727426686589, 0.9127272727272727]
24 [49.0, 30.0, 16.0, 455.0, 0.6800511896536976, 0.9163636363636364]
25 [49.0, 30.0, 17.0, 454.0, 0.6753571294863772, 0.9145454545454546]
26 [50.0, 29.0, 19.0, 452.0, 0.6751691940375921, 0.9127272727272727]
27 [50.0, 29.0, 19.0, 452.0, 0.6751691940375921, 0.9127272727272727]
28 [51.0, 28.0, 20.0, 451.0, 0.6794927209341383, 0.9127272727272727]
29 [51.0, 28.0, 19.0, 452.0, 0.6840567562079084, 0.9145454545454546]
30 [52.0, 27.0, 20.0, 451.0, 0.6882340352195595, 0.9145454545454546]
31 [54.0, 25.0, 20.0, 451.0, 0.7053740129755283, 0.9181818181818182]
32 [55.0, 24.0, 21.0, 450.0, 0.7091688014107098, 0.9181818181818182]
33 [55.0, 24.0, 21.0, 450.0, 0.7091688014107098, 0.9181818181818182]
34 [54.0, 25.0, 21.0, 450.0, 0.7007902867097012, 0.9163636363636364]
35 [56.0, 23.0, 21.0, 450.0, 0.7174399436387146, 0.92]
36 [55.0, 24.0, 21.0, 450.0, 0.7091688014107098, 0.9181818181818182]
37 [54.0, 25.0, 21.0, 450.0, 0.7007902867097012, 0.9163636363636364]
38 [56.0, 23.0, 22.0, 449.0, 0.7128670791656586, 0.9181818181818182]
39 [55.0, 24.0, 21.0, 450.0, 0.7091688014107098, 0.9181818181818182]
40 [56.0, 23.0, 22.0, 449.0, 0.7128670791656586, 0.9181818181818182]
41 [56.0, 23.0, 22.0, 449.0, 0.7128670791656586, 0.9181818181818182]
42 [56.0, 23.0, 22.0, 449.0, 0.7128670791656586, 0.9181818181818182]
43 [56.0, 23.0, 21.0, 450.0, 0.7174399436387146, 0.92]
44 [56.0, 23.0, 22.0, 449.0, 0.7128670791656586, 0.9181818181818182]
45 [56.0, 23.0, 22.0, 449.0, 0.7128670791656586, 0.9181818181818182]
46 [56.0, 23.0, 21.0, 450.0, 0.7174399436387146, 0.92]
47 [57.0, 22.0, 21.0, 450.0, 0.7256057642532926, 0.9218181818181819]
48 [56.0, 23.0, 23.0, 448.0, 0.708352139120685, 0.9163636363636364]
49 [56.0, 23.0, 21.0, 450.0, 0.7174399436387146, 0.92]
50 [58.0, 21.0, 22.0, 449.0, 0.7290509338830732, 0.9218181818181819]
[58.0, 21.0, 22.0, 449.0, 0.7290509338830732, 0.9218181818181819]
precious=0.734167921925	recall=0.724990937613	f_scores=0.729050933883
p_avg=0.6707680185	r_avg=0.697646322524	f_avg=0.683083009947
