1 [0.0, 75.0, 0.0, 475.0, 0.0, 0.8636363636363636]
2 [4.0, 71.0, 0.0, 475.0, 0.10116719149591762, 0.8709090909090909]
3 [15.0, 60.0, 3.0, 472.0, 0.3222618270308425, 0.8854545454545455]
4 [18.0, 57.0, 4.0, 471.0, 0.3707759654962966, 0.889090909090909]
5 [23.0, 52.0, 7.0, 468.0, 0.43767910675533994, 0.8927272727272727]
6 [21.0, 54.0, 7.0, 468.0, 0.4073635623165343, 0.889090909090909]
7 [19.0, 56.0, 7.0, 468.0, 0.37584824165426944, 0.8854545454545455]
8 [21.0, 54.0, 7.0, 468.0, 0.4073635623165343, 0.889090909090909]
9 [32.0, 43.0, 11.0, 464.0, 0.5419008538524462, 0.9018181818181819]
10 [38.0, 37.0, 12.0, 463.0, 0.6075106501711593, 0.9109090909090909]
11 [39.0, 36.0, 13.0, 462.0, 0.6136803354910962, 0.9109090909090909]
12 [41.0, 34.0, 19.0, 456.0, 0.6069049827346578, 0.9036363636363637]
13 [43.0, 32.0, 20.0, 455.0, 0.622683549631239, 0.9054545454545454]
14 [45.0, 30.0, 24.0, 451.0, 0.6244925858962499, 0.9018181818181819]
15 [49.0, 26.0, 25.0, 450.0, 0.6572096947978195, 0.9072727272727272]
16 [50.0, 25.0, 27.0, 448.0, 0.6573865465941248, 0.9054545454545454]
17 [51.0, 24.0, 26.0, 449.0, 0.6705442607657484, 0.9090909090909091]
18 [51.0, 24.0, 28.0, 447.0, 0.6618297746404119, 0.9054545454545454]
19 [51.0, 24.0, 24.0, 451.0, 0.679491300836044, 0.9127272727272727]
20 [51.0, 24.0, 26.0, 449.0, 0.6705442607657484, 0.9090909090909091]
21 [51.0, 24.0, 29.0, 446.0, 0.6575569241905892, 0.9036363636363637]
22 [51.0, 24.0, 28.0, 447.0, 0.6618297746404119, 0.9054545454545454]
23 [52.0, 23.0, 29.0, 446.0, 0.6661592330100746, 0.9054545454545454]
24 [52.0, 23.0, 29.0, 446.0, 0.6661592330100746, 0.9054545454545454]
25 [52.0, 23.0, 29.0, 446.0, 0.6661592330100746, 0.9054545454545454]
26 [51.0, 24.0, 28.0, 447.0, 0.6618297746404119, 0.9054545454545454]
27 [52.0, 23.0, 29.0, 446.0, 0.6661592330100746, 0.9054545454545454]
28 [52.0, 23.0, 29.0, 446.0, 0.6661592330100746, 0.9054545454545454]
29 [52.0, 23.0, 29.0, 446.0, 0.6661592330100746, 0.9054545454545454]
30 [52.0, 23.0, 29.0, 446.0, 0.6661592330100746, 0.9054545454545454]
31 [51.0, 24.0, 29.0, 446.0, 0.6575569241905892, 0.9036363636363637]
32 [52.0, 23.0, 29.0, 446.0, 0.6661592330100746, 0.9054545454545454]
33 [51.0, 24.0, 29.0, 446.0, 0.6575569241905892, 0.9036363636363637]
34 [52.0, 23.0, 29.0, 446.0, 0.6661592330100746, 0.9054545454545454]
35 [51.0, 24.0, 28.0, 447.0, 0.6618297746404119, 0.9054545454545454]
36 [52.0, 23.0, 29.0, 446.0, 0.6661592330100746, 0.9054545454545454]
37 [52.0, 23.0, 29.0, 446.0, 0.6661592330100746, 0.9054545454545454]
38 [51.0, 24.0, 29.0, 446.0, 0.6575569241905892, 0.9036363636363637]
39 [52.0, 23.0, 29.0, 446.0, 0.6661592330100746, 0.9054545454545454]
40 [52.0, 23.0, 29.0, 446.0, 0.6661592330100746, 0.9054545454545454]
41 [52.0, 23.0, 29.0, 446.0, 0.6661592330100746, 0.9054545454545454]
42 [53.0, 22.0, 29.0, 446.0, 0.674651997498211, 0.9072727272727272]
43 [52.0, 23.0, 29.0, 446.0, 0.6661592330100746, 0.9054545454545454]
44 [53.0, 22.0, 29.0, 446.0, 0.674651997498211, 0.9072727272727272]
45 [53.0, 22.0, 29.0, 446.0, 0.674651997498211, 0.9072727272727272]
46 [53.0, 22.0, 29.0, 446.0, 0.674651997498211, 0.9072727272727272]
47 [53.0, 22.0, 29.0, 446.0, 0.674651997498211, 0.9072727272727272]
48 [53.0, 22.0, 29.0, 446.0, 0.674651997498211, 0.9072727272727272]
49 [53.0, 22.0, 29.0, 446.0, 0.674651997498211, 0.9072727272727272]
50 [53.0, 22.0, 29.0, 446.0, 0.674651997498211, 0.9072727272727272]
[53.0, 22.0, 29.0, 446.0, 0.674651997498211, 0.9072727272727272]
precious=0.70665724457	recall=0.646333581298	f_scores=0.674651997498
p_avg=0.677648686537	r_avg=0.676357296844	f_avg=0.675475737982
