1 [0.0, 86.0, 0.0, 464.0, 0.0, 0.8436363636363636]
2 [3.0, 83.0, 0.0, 464.0, 0.06734911550325287, 0.8490909090909091]
3 [8.0, 78.0, 3.0, 461.0, 0.1647442011573896, 0.8527272727272728]
4 [13.0, 73.0, 9.0, 455.0, 0.24041229576350226, 0.850909090909091]
5 [20.0, 66.0, 9.0, 455.0, 0.34744327772952566, 0.8636363636363636]
6 [24.0, 62.0, 10.0, 454.0, 0.3995876311143794, 0.8690909090909091]
7 [25.0, 61.0, 9.0, 455.0, 0.41625400354751774, 0.8727272727272727]
8 [26.0, 60.0, 9.0, 455.0, 0.42933417889204306, 0.8745454545454545]
9 [27.0, 59.0, 10.0, 454.0, 0.4385970027555596, 0.8745454545454545]
10 [32.0, 54.0, 20.0, 444.0, 0.4632922197817663, 0.8654545454545455]
11 [39.0, 47.0, 24.0, 440.0, 0.5229952744871108, 0.8709090909090909]
12 [41.0, 45.0, 25.0, 439.0, 0.5389756893542771, 0.8727272727272727]
13 [38.0, 48.0, 25.0, 439.0, 0.509572647818095, 0.8672727272727273]
14 [38.0, 48.0, 25.0, 439.0, 0.509572647818095, 0.8672727272727273]
15 [40.0, 46.0, 27.0, 437.0, 0.5223771556752155, 0.8672727272727273]
16 [45.0, 41.0, 26.0, 438.0, 0.572746096993817, 0.8781818181818182]
17 [35.0, 51.0, 23.0, 441.0, 0.4856237391264276, 0.8654545454545455]
18 [36.0, 50.0, 24.0, 440.0, 0.49266026057606077, 0.8654545454545455]
19 [39.0, 47.0, 24.0, 440.0, 0.5229952744871108, 0.8709090909090909]
20 [44.0, 42.0, 28.0, 436.0, 0.5564593422625803, 0.8727272727272727]
21 [44.0, 42.0, 29.0, 435.0, 0.5529559454732089, 0.8709090909090909]
22 [45.0, 41.0, 29.0, 435.0, 0.5619962203436034, 0.8727272727272727]
23 [49.0, 37.0, 30.0, 434.0, 0.5934335137051849, 0.8781818181818182]
24 [48.0, 38.0, 30.0, 434.0, 0.5848603295731587, 0.8763636363636363]
25 [49.0, 37.0, 30.0, 434.0, 0.5934335137051849, 0.8781818181818182]
26 [49.0, 37.0, 30.0, 434.0, 0.5934335137051849, 0.8781818181818182]
27 [50.0, 36.0, 32.0, 432.0, 0.5947317117716532, 0.8763636363636363]
28 [50.0, 36.0, 31.0, 433.0, 0.5982960886133908, 0.8781818181818182]
29 [50.0, 36.0, 32.0, 432.0, 0.5947317117716532, 0.8763636363636363]
30 [50.0, 36.0, 31.0, 433.0, 0.5982960886133908, 0.8781818181818182]
31 [50.0, 36.0, 33.0, 431.0, 0.5912095532944674, 0.8745454545454545]
32 [50.0, 36.0, 33.0, 431.0, 0.5912095532944674, 0.8745454545454545]
33 [52.0, 34.0, 34.0, 430.0, 0.604144545169696, 0.8763636363636363]
34 [51.0, 35.0, 33.0, 431.0, 0.5994934266714789, 0.8763636363636363]
35 [51.0, 35.0, 34.0, 430.0, 0.5959846874879443, 0.8745454545454545]
36 [51.0, 35.0, 33.0, 431.0, 0.5994934266714789, 0.8763636363636363]
37 [52.0, 34.0, 34.0, 430.0, 0.604144545169696, 0.8763636363636363]
38 [52.0, 34.0, 34.0, 430.0, 0.604144545169696, 0.8763636363636363]
39 [53.0, 33.0, 36.0, 428.0, 0.6052079224377243, 0.8745454545454545]
40 [52.0, 34.0, 36.0, 428.0, 0.5971947632475552, 0.8727272727272727]
41 [53.0, 33.0, 37.0, 427.0, 0.6017665559273884, 0.8727272727272727]
42 [53.0, 33.0, 37.0, 427.0, 0.6017665559273884, 0.8727272727272727]
43 [55.0, 31.0, 37.0, 427.0, 0.6174715560027775, 0.8763636363636363]
44 [55.0, 31.0, 37.0, 427.0, 0.6174715560027775, 0.8763636363636363]
45 [55.0, 31.0, 37.0, 427.0, 0.6174715560027775, 0.8763636363636363]
46 [55.0, 31.0, 37.0, 427.0, 0.6174715560027775, 0.8763636363636363]
47 [55.0, 31.0, 37.0, 427.0, 0.6174715560027775, 0.8763636363636363]
48 [55.0, 31.0, 37.0, 427.0, 0.6174715560027775, 0.8763636363636363]
49 [54.0, 32.0, 37.0, 427.0, 0.6096634047536778, 0.8745454545454545]
50 [56.0, 30.0, 37.0, 427.0, 0.6251924957052821, 0.8781818181818182]
[56.0, 30.0, 37.0, 427.0, 0.6251924957052821, 0.8781818181818182]
precious=0.651155219125	recall=0.602144062967	f_scores=0.625192495705
p_avg=0.674022616783	r_avg=0.680110261287	f_avg=0.675578705543
