1 [0.0, 90.0, 0.0, 460.0, 0.0, 0.8363636363636363]
2 [3.0, 87.0, 1.0, 459.0, 0.06374703047716576, 0.84]
3 [19.0, 71.0, 2.0, 458.0, 0.342029648587904, 0.8672727272727273]
4 [25.0, 65.0, 4.0, 456.0, 0.41979270636817106, 0.8745454545454545]
5 [32.0, 58.0, 9.0, 451.0, 0.4881124908792974, 0.8781818181818182]
6 [28.0, 62.0, 7.0, 453.0, 0.4475899915822259, 0.8745454545454545]
7 [29.0, 61.0, 7.0, 453.0, 0.4599023492348297, 0.8763636363636363]
8 [30.0, 60.0, 8.0, 452.0, 0.4683255643463371, 0.8763636363636363]
9 [34.0, 56.0, 10.0, 450.0, 0.507014415714018, 0.88]
10 [45.0, 45.0, 13.0, 447.0, 0.6076236379209811, 0.8945454545454545]
11 [49.0, 41.0, 19.0, 441.0, 0.6197553943471941, 0.8909090909090909]
12 [48.0, 42.0, 20.0, 440.0, 0.6070973347896836, 0.8872727272727273]
13 [52.0, 38.0, 23.0, 437.0, 0.6297999122941166, 0.889090909090909]
14 [52.0, 38.0, 22.0, 438.0, 0.6336437534865395, 0.8909090909090909]
15 [52.0, 38.0, 22.0, 438.0, 0.6336437534865395, 0.8909090909090909]
16 [52.0, 38.0, 21.0, 439.0, 0.6375348028323603, 0.8927272727272727]
17 [52.0, 38.0, 20.0, 440.0, 0.6414739353858026, 0.8945454545454545]
18 [52.0, 38.0, 21.0, 439.0, 0.6375348028323603, 0.8927272727272727]
19 [53.0, 37.0, 23.0, 437.0, 0.6380504655091563, 0.8909090909090909]
20 [51.0, 39.0, 23.0, 437.0, 0.6214487878262192, 0.8872727272727273]
21 [53.0, 37.0, 23.0, 437.0, 0.6380504655091563, 0.8909090909090909]
22 [52.0, 38.0, 23.0, 437.0, 0.6297999122941166, 0.889090909090909]
23 [50.0, 40.0, 19.0, 441.0, 0.6284320118344663, 0.8927272727272727]
24 [50.0, 40.0, 20.0, 440.0, 0.6245003872001541, 0.8909090909090909]
25 [51.0, 39.0, 20.0, 440.0, 0.6330398493944321, 0.8927272727272727]
26 [53.0, 37.0, 23.0, 437.0, 0.6380504655091563, 0.8909090909090909]
27 [52.0, 38.0, 20.0, 440.0, 0.6414739353858026, 0.8945454545454545]
28 [50.0, 40.0, 18.0, 442.0, 0.6324134542269304, 0.8945454545454545]
29 [50.0, 40.0, 17.0, 443.0, 0.6364456672785958, 0.8963636363636364]
30 [50.0, 40.0, 19.0, 441.0, 0.6284320118344663, 0.8927272727272727]
31 [52.0, 38.0, 18.0, 442.0, 0.6495000598192618, 0.8981818181818182]
32 [52.0, 38.0, 19.0, 441.0, 0.6454620479623147, 0.8963636363636364]
33 [52.0, 38.0, 22.0, 438.0, 0.6336437534865395, 0.8909090909090909]
34 [51.0, 39.0, 20.0, 440.0, 0.6330398493944321, 0.8927272727272727]
35 [52.0, 38.0, 20.0, 440.0, 0.6414739353858026, 0.8945454545454545]
36 [52.0, 38.0, 20.0, 440.0, 0.6414739353858026, 0.8945454545454545]
37 [52.0, 38.0, 20.0, 440.0, 0.6414739353858026, 0.8945454545454545]
38 [54.0, 36.0, 20.0, 440.0, 0.6580336856478493, 0.8981818181818182]
39 [53.0, 37.0, 20.0, 440.0, 0.6498045837111179, 0.8963636363636364]
40 [53.0, 37.0, 20.0, 440.0, 0.6498045837111179, 0.8963636363636364]
41 [53.0, 37.0, 20.0, 440.0, 0.6498045837111179, 0.8963636363636364]
42 [53.0, 37.0, 20.0, 440.0, 0.6498045837111179, 0.8963636363636364]
43 [54.0, 36.0, 20.0, 440.0, 0.6580336856478493, 0.8981818181818182]
44 [54.0, 36.0, 20.0, 440.0, 0.6580336856478493, 0.8981818181818182]
45 [57.0, 33.0, 20.0, 440.0, 0.6821299467106825, 0.9036363636363637]
46 [56.0, 34.0, 20.0, 440.0, 0.674194587705389, 0.9018181818181819]
47 [56.0, 34.0, 20.0, 440.0, 0.674194587705389, 0.9018181818181819]
48 [55.0, 35.0, 20.0, 440.0, 0.6661630866455136, 0.9]
49 [58.0, 32.0, 20.0, 440.0, 0.6899708797092157, 0.9054545454545454]
50 [58.0, 32.0, 20.0, 440.0, 0.6899708797092157, 0.9054545454545454]
[58.0, 32.0, 20.0, 440.0, 0.6899708797092157, 0.9054545454545454]
precious=0.64443728403	recall=0.74358021051	f_scores=0.689970879709
p_avg=0.677289387877	r_avg=0.691248289618	f_avg=0.682776735519
