1 [53.0, 139.0, 32.0, 726.0, 0.3822437952140794, 0.82]
2 [76.0, 116.0, 46.0, 712.0, 0.483598664349599, 0.8294736842105264]
3 [95.0, 97.0, 52.0, 706.0, 0.5599779101948968, 0.8431578947368421]
4 [110.0, 82.0, 57.0, 701.0, 0.6123127848628156, 0.8536842105263158]
5 [139.0, 53.0, 77.0, 681.0, 0.6808713031685805, 0.8631578947368421]
6 [135.0, 57.0, 65.0, 693.0, 0.6882725667052527, 0.871578947368421]
7 [130.0, 62.0, 62.0, 696.0, 0.6765801758362339, 0.8694736842105263]
8 [134.0, 58.0, 59.0, 699.0, 0.6956006422527934, 0.8768421052631579]
9 [137.0, 55.0, 67.0, 691.0, 0.6914165169198926, 0.871578947368421]
10 [125.0, 67.0, 57.0, 701.0, 0.6679463539295658, 0.8694736842105263]
11 [136.0, 56.0, 59.0, 699.0, 0.7023391304701657, 0.8789473684210526]
12 [140.0, 52.0, 60.0, 698.0, 0.7137826276996552, 0.8821052631578947]
13 [144.0, 48.0, 60.0, 698.0, 0.7267698562140789, 0.8863157894736842]
14 [143.0, 49.0, 58.0, 700.0, 0.727232270645009, 0.8873684210526316]
15 [141.0, 51.0, 58.0, 700.0, 0.7207244387830307, 0.8852631578947369]
16 [141.0, 51.0, 54.0, 704.0, 0.7281787776191605, 0.8894736842105263]
17 [145.0, 47.0, 58.0, 700.0, 0.733674225369962, 0.8894736842105263]
18 [142.0, 50.0, 57.0, 701.0, 0.7258394996969435, 0.8873684210526316]
19 [146.0, 46.0, 61.0, 697.0, 0.7313269526954664, 0.8873684210526316]
20 [148.0, 44.0, 59.0, 699.0, 0.7413519605043222, 0.891578947368421]
21 [147.0, 45.0, 59.0, 699.0, 0.738190711364891, 0.8905263157894737]
22 [148.0, 44.0, 61.0, 697.0, 0.737652167772641, 0.8894736842105263]
23 [147.0, 45.0, 60.0, 698.0, 0.7363394565842686, 0.8894736842105263]
24 [145.0, 47.0, 58.0, 700.0, 0.733674225369962, 0.8894736842105263]
25 [146.0, 46.0, 59.0, 699.0, 0.7350135425142527, 0.8894736842105263]
26 [149.0, 43.0, 61.0, 697.0, 0.7407911824426986, 0.8905263157894737]
27 [149.0, 43.0, 60.0, 698.0, 0.7426396718075325, 0.891578947368421]
28 [151.0, 41.0, 63.0, 695.0, 0.7433405023131875, 0.8905263157894737]
29 [148.0, 44.0, 63.0, 695.0, 0.7339891200488013, 0.8873684210526316]
30 [150.0, 42.0, 65.0, 693.0, 0.7365990485137797, 0.8873684210526316]
31 [151.0, 41.0, 65.0, 693.0, 0.7396945153149127, 0.888421052631579]
32 [150.0, 42.0, 62.0, 696.0, 0.7420721414870063, 0.8905263157894737]
33 [151.0, 41.0, 63.0, 695.0, 0.7433405023131875, 0.8905263157894737]
34 [152.0, 40.0, 62.0, 696.0, 0.7482665842259, 0.8926315789473684]
35 [152.0, 40.0, 63.0, 695.0, 0.7464270056188059, 0.891578947368421]
36 [154.0, 38.0, 63.0, 695.0, 0.7525547496943794, 0.8936842105263157]
37 [151.0, 41.0, 63.0, 695.0, 0.7433405023131875, 0.8905263157894737]
38 [153.0, 39.0, 64.0, 694.0, 0.7476648002067801, 0.891578947368421]
39 [153.0, 39.0, 62.0, 696.0, 0.7513409842147054, 0.8936842105263157]
40 [154.0, 38.0, 61.0, 697.0, 0.7562549628387782, 0.8957894736842106]
41 [152.0, 40.0, 59.0, 699.0, 0.753840129252418, 0.8957894736842106]
42 [152.0, 40.0, 62.0, 696.0, 0.7482665842259, 0.8926315789473684]
43 [152.0, 40.0, 65.0, 693.0, 0.7427748507474614, 0.8894736842105263]
44 [151.0, 41.0, 61.0, 697.0, 0.7470226098135222, 0.8926315789473684]
45 [152.0, 40.0, 62.0, 696.0, 0.7482665842259, 0.8926315789473684]
46 [152.0, 40.0, 59.0, 699.0, 0.753840129252418, 0.8957894736842106]
47 [153.0, 39.0, 62.0, 696.0, 0.7513409842147054, 0.8936842105263157]
48 [152.0, 40.0, 60.0, 698.0, 0.7519730781691729, 0.8947368421052632]
49 [152.0, 40.0, 60.0, 698.0, 0.7519730781691729, 0.8947368421052632]
50 [152.0, 40.0, 59.0, 699.0, 0.753840129252418, 0.8957894736842106]
[152.0, 40.0, 59.0, 699.0, 0.753840129252418, 0.8957894736842106]
precious=0.791662543424	recall=0.720375732816	f_scores=0.753840129252
p_avg=0.75485423103	r_avg=0.74669951283	f_avg=0.749682785689
