1 [146.0, 40.0, 199.0, 565.0, 0.5494489736153658, 0.748421052631579]
2 [150.0, 36.0, 196.0, 568.0, 0.5634532464553821, 0.7557894736842106]
3 [144.0, 42.0, 135.0, 629.0, 0.6188725463711009, 0.8136842105263158]
4 [138.0, 48.0, 94.0, 670.0, 0.6597903465265589, 0.8505263157894737]
5 [152.0, 34.0, 117.0, 647.0, 0.6676459186808255, 0.8410526315789474]
6 [151.0, 35.0, 114.0, 650.0, 0.6691357823893752, 0.8431578947368421]
7 [155.0, 31.0, 112.0, 652.0, 0.6838400176153175, 0.8494736842105263]
8 [154.0, 32.0, 90.0, 674.0, 0.7157851711895149, 0.871578947368421]
9 [151.0, 35.0, 71.0, 693.0, 0.7396966750211367, 0.888421052631579]
10 [150.0, 36.0, 66.0, 698.0, 0.7457680595724915, 0.8926315789473684]
11 [151.0, 35.0, 62.0, 702.0, 0.756391053251563, 0.8978947368421053]
12 [154.0, 32.0, 59.0, 705.0, 0.7714285654931705, 0.9042105263157895]
13 [155.0, 31.0, 62.0, 702.0, 0.76873023123727, 0.9021052631578947]
14 [154.0, 32.0, 61.0, 703.0, 0.7675789065877905, 0.9021052631578947]
15 [154.0, 32.0, 61.0, 703.0, 0.7675789065877905, 0.9021052631578947]
16 [154.0, 32.0, 62.0, 702.0, 0.7656684494845833, 0.9010526315789473]
17 [153.0, 33.0, 65.0, 699.0, 0.7569254556014725, 0.8968421052631579]
18 [153.0, 33.0, 70.0, 694.0, 0.7476670210364265, 0.891578947368421]
19 [156.0, 30.0, 74.0, 690.0, 0.7495023134633033, 0.8905263157894737]
20 [155.0, 31.0, 78.0, 686.0, 0.7393598908259711, 0.8852631578947369]
21 [155.0, 31.0, 71.0, 693.0, 0.7519285706694506, 0.8926315789473684]
22 [156.0, 30.0, 74.0, 690.0, 0.7495023134633033, 0.8905263157894737]
23 [154.0, 32.0, 72.0, 692.0, 0.7470742274164506, 0.8905263157894737]
24 [155.0, 31.0, 74.0, 690.0, 0.746490047123577, 0.8894736842105263]
25 [154.0, 32.0, 69.0, 695.0, 0.7525569705431736, 0.8936842105263157]
26 [155.0, 31.0, 74.0, 690.0, 0.746490047123577, 0.8894736842105263]
27 [156.0, 30.0, 69.0, 695.0, 0.758625218849073, 0.8957894736842106]
28 [156.0, 30.0, 71.0, 693.0, 0.7549495353676626, 0.8936842105263157]
29 [156.0, 30.0, 70.0, 694.0, 0.7567829139495386, 0.8947368421052632]
30 [156.0, 30.0, 70.0, 694.0, 0.7567829139495386, 0.8947368421052632]
31 [156.0, 30.0, 73.0, 691.0, 0.7513092989098991, 0.891578947368421]
32 [156.0, 30.0, 73.0, 691.0, 0.7513092989098991, 0.891578947368421]
33 [156.0, 30.0, 70.0, 694.0, 0.7567829139495386, 0.8947368421052632]
34 [156.0, 30.0, 70.0, 694.0, 0.7567829139495386, 0.8947368421052632]
35 [156.0, 30.0, 70.0, 694.0, 0.7567829139495386, 0.8947368421052632]
36 [156.0, 30.0, 68.0, 696.0, 0.7604765154157721, 0.8968421052631579]
37 [155.0, 31.0, 66.0, 698.0, 0.7611710395566038, 0.8978947368421053]
38 [156.0, 30.0, 66.0, 698.0, 0.7642063481538218, 0.8989473684210526]
39 [154.0, 32.0, 66.0, 698.0, 0.758120783835427, 0.8968421052631579]
40 [155.0, 31.0, 69.0, 695.0, 0.755598492511081, 0.8947368421052632]
41 [156.0, 30.0, 66.0, 698.0, 0.7642063481538218, 0.8989473684210526]
42 [156.0, 30.0, 67.0, 697.0, 0.7623368696386005, 0.8978947368421053]
43 [155.0, 31.0, 67.0, 697.0, 0.7593044134723872, 0.8968421052631579]
44 [155.0, 31.0, 64.0, 700.0, 0.764931960538645, 0.9]
45 [155.0, 31.0, 64.0, 700.0, 0.764931960538645, 0.9]
46 [155.0, 31.0, 66.0, 698.0, 0.7611710395566038, 0.8978947368421053]
47 [154.0, 32.0, 66.0, 698.0, 0.758120783835427, 0.8968421052631579]
48 [156.0, 30.0, 69.0, 695.0, 0.758625218849073, 0.8957894736842106]
49 [155.0, 31.0, 70.0, 694.0, 0.7537590645638845, 0.8936842105263157]
50 [156.0, 30.0, 70.0, 694.0, 0.7567829139495386, 0.8947368421052632]
[156.0, 30.0, 70.0, 694.0, 0.7567829139495386, 0.8947368421052632]
precious=0.838705168252	recall=0.690262432467	f_scores=0.75678291395
p_avg=0.790128909883	r_avg=0.719589268161	f_avg=0.752143231882
