1 [24.0, 195.0, 3.0, 728.0, 0.19492513606235667, 0.791578947368421]
2 [73.0, 146.0, 22.0, 709.0, 0.4645435477821865, 0.8231578947368421]
3 [133.0, 86.0, 75.0, 656.0, 0.6224486341619936, 0.8305263157894737]
4 [158.0, 61.0, 100.0, 631.0, 0.6619747313636226, 0.8305263157894737]
5 [159.0, 60.0, 90.0, 641.0, 0.6789866949014258, 0.8421052631578947]
6 [158.0, 61.0, 77.0, 654.0, 0.6955331551040375, 0.8547368421052631]
7 [160.0, 59.0, 63.0, 668.0, 0.7234790104991862, 0.871578947368421]
8 [152.0, 67.0, 57.0, 674.0, 0.709777679071127, 0.8694736842105263]
9 [151.0, 68.0, 53.0, 678.0, 0.7134455926971252, 0.8726315789473684]
10 [147.0, 72.0, 48.0, 683.0, 0.7096435266391422, 0.8736842105263158]
11 [148.0, 71.0, 48.0, 683.0, 0.7127514585829938, 0.8747368421052631]
12 [150.0, 69.0, 45.0, 686.0, 0.7241362032654663, 0.88]
13 [148.0, 71.0, 45.0, 686.0, 0.7179454505378267, 0.8778947368421053]
14 [149.0, 70.0, 44.0, 687.0, 0.7227997935914438, 0.88]
15 [148.0, 71.0, 44.0, 687.0, 0.7196936443172589, 0.8789473684210526]
16 [147.0, 72.0, 41.0, 690.0, 0.7218584152360349, 0.8810526315789474]
17 [147.0, 72.0, 41.0, 690.0, 0.7218584152360349, 0.8810526315789474]
18 [149.0, 70.0, 39.0, 692.0, 0.7316863721839034, 0.8852631578947369]
19 [152.0, 67.0, 42.0, 689.0, 0.7355760863303216, 0.8852631578947369]
20 [154.0, 65.0, 43.0, 688.0, 0.7398827897900357, 0.8863157894736842]
21 [157.0, 62.0, 45.0, 686.0, 0.7453408363657804, 0.8873684210526316]
22 [159.0, 60.0, 45.0, 686.0, 0.7512704554074855, 0.8894736842105263]
23 [162.0, 57.0, 44.0, 687.0, 0.7618501485717085, 0.8936842105263157]
24 [163.0, 56.0, 46.0, 685.0, 0.761179284340695, 0.8926315789473684]
25 [162.0, 57.0, 44.0, 687.0, 0.7618501485717085, 0.8936842105263157]
26 [162.0, 57.0, 44.0, 687.0, 0.7618501485717085, 0.8936842105263157]
27 [166.0, 53.0, 43.0, 688.0, 0.7751979045043232, 0.8989473684210526]
28 [163.0, 56.0, 44.0, 687.0, 0.7647553459182892, 0.8947368421052632]
29 [165.0, 54.0, 46.0, 685.0, 0.766938789371346, 0.8947368421052632]
30 [168.0, 51.0, 45.0, 686.0, 0.7772745945208088, 0.8989473684210526]
31 [167.0, 52.0, 45.0, 686.0, 0.7744388534747197, 0.8978947368421053]
32 [168.0, 51.0, 44.0, 687.0, 0.7790792012546766, 0.9]
33 [168.0, 51.0, 45.0, 686.0, 0.7772745945208088, 0.8989473684210526]
34 [165.0, 54.0, 46.0, 685.0, 0.766938789371346, 0.8947368421052632]
35 [169.0, 50.0, 44.0, 687.0, 0.7819042008182823, 0.9010526315789473]
36 [166.0, 53.0, 40.0, 691.0, 0.7806735815255413, 0.9021052631578947]
37 [164.0, 55.0, 39.0, 692.0, 0.7767485404696914, 0.9010526315789473]
38 [167.0, 52.0, 40.0, 691.0, 0.7835345926733837, 0.9031578947368422]
39 [167.0, 52.0, 43.0, 688.0, 0.7780516896241768, 0.9]
40 [168.0, 51.0, 44.0, 687.0, 0.7790792012546766, 0.9]
41 [167.0, 52.0, 43.0, 688.0, 0.7780516896241768, 0.9]
42 [166.0, 53.0, 44.0, 687.0, 0.7733897086265628, 0.8978947368421053]
43 [167.0, 52.0, 39.0, 692.0, 0.7853794398229219, 0.9042105263157895]
44 [163.0, 56.0, 43.0, 688.0, 0.7665560067739462, 0.8957894736842106]
45 [161.0, 58.0, 43.0, 688.0, 0.7607266713574163, 0.8936842105263157]
46 [158.0, 61.0, 33.0, 698.0, 0.7702306007338184, 0.9010526315789473]
47 [159.0, 60.0, 34.0, 697.0, 0.7713432257272125, 0.9010526315789473]
48 [159.0, 60.0, 31.0, 700.0, 0.7770051423259167, 0.9042105263157895]
49 [159.0, 60.0, 30.0, 701.0, 0.7789109644343933, 0.9052631578947369]
50 [159.0, 60.0, 31.0, 700.0, 0.7770051423259167, 0.9042105263157895]
[159.0, 60.0, 31.0, 700.0, 0.7770051423259167, 0.9042105263157895]
precious=0.726024082082	recall=0.836837700854	f_scores=0.777005142326
p_avg=0.650394033318	r_avg=0.827940790228	f_avg=0.726185220249
