1 [56.0, 150.0, 34.0, 710.0, 0.3779530832056923, 0.8063157894736842]
2 [109.0, 97.0, 83.0, 661.0, 0.5472370145712421, 0.8105263157894737]
3 [123.0, 83.0, 95.0, 649.0, 0.5796867728499571, 0.8126315789473684]
4 [136.0, 70.0, 105.0, 639.0, 0.6080018668744559, 0.8157894736842105]
5 [148.0, 58.0, 117.0, 627.0, 0.6279556683511095, 0.8157894736842105]
6 [153.0, 53.0, 119.0, 625.0, 0.6396745933081347, 0.8189473684210526]
7 [156.0, 50.0, 113.0, 631.0, 0.6563485021808539, 0.828421052631579]
8 [156.0, 50.0, 104.0, 640.0, 0.669032100678203, 0.8378947368421052]
9 [147.0, 59.0, 91.0, 653.0, 0.6616621499917181, 0.8421052631578947]
10 [144.0, 62.0, 69.0, 675.0, 0.6868480572280967, 0.8621052631578947]
11 [141.0, 65.0, 53.0, 691.0, 0.7044972787361767, 0.8757894736842106]
12 [148.0, 58.0, 71.0, 673.0, 0.6959681365839518, 0.8642105263157894]
13 [133.0, 73.0, 44.0, 700.0, 0.6940165667509636, 0.8768421052631579]
14 [135.0, 71.0, 42.0, 702.0, 0.7044603711795148, 0.8810526315789474]
15 [135.0, 71.0, 43.0, 701.0, 0.7026243478401049, 0.88]
16 [136.0, 70.0, 43.0, 701.0, 0.7059926456336405, 0.8810526315789474]
17 [133.0, 73.0, 36.0, 708.0, 0.7088347631217233, 0.8852631578947369]
18 [133.0, 73.0, 39.0, 705.0, 0.7032043749137203, 0.8821052631578947]
19 [129.0, 77.0, 37.0, 707.0, 0.6930507912441213, 0.88]
20 [131.0, 75.0, 36.0, 708.0, 0.7019149163891558, 0.8831578947368421]
21 [130.0, 76.0, 33.0, 711.0, 0.7041103617627943, 0.8852631578947369]
22 [132.0, 74.0, 37.0, 707.0, 0.7035014608473263, 0.8831578947368421]
23 [133.0, 73.0, 34.0, 710.0, 0.7126387142502252, 0.8873684210526316]
24 [132.0, 74.0, 34.0, 710.0, 0.7091797287946028, 0.8863157894736842]
25 [133.0, 73.0, 35.0, 709.0, 0.7107316488814797, 0.8863157894736842]
26 [132.0, 74.0, 35.0, 709.0, 0.7072768152998996, 0.8852631578947369]
27 [133.0, 73.0, 34.0, 710.0, 0.7126387142502252, 0.8873684210526316]
28 [133.0, 73.0, 34.0, 710.0, 0.7126387142502252, 0.8873684210526316]
29 [133.0, 73.0, 35.0, 709.0, 0.7107316488814797, 0.8863157894736842]
30 [132.0, 74.0, 34.0, 710.0, 0.7091797287946028, 0.8863157894736842]
31 [133.0, 73.0, 32.0, 712.0, 0.7164837133554735, 0.8894736842105263]
32 [133.0, 73.0, 33.0, 711.0, 0.7145560413915032, 0.888421052631579]
33 [132.0, 74.0, 33.0, 711.0, 0.711092909410783, 0.8873684210526316]
34 [133.0, 73.0, 34.0, 710.0, 0.7126387142502252, 0.8873684210526316]
35 [135.0, 71.0, 34.0, 710.0, 0.7195013677866438, 0.8894736842105263]
36 [134.0, 72.0, 33.0, 711.0, 0.7180006132392472, 0.8894736842105263]
37 [136.0, 70.0, 35.0, 709.0, 0.7209862333997942, 0.8894736842105263]
38 [135.0, 71.0, 34.0, 710.0, 0.7195013677866438, 0.8894736842105263]
39 [137.0, 69.0, 36.0, 708.0, 0.72245546108026, 0.8894736842105263]
40 [135.0, 71.0, 34.0, 710.0, 0.7195013677866438, 0.8894736842105263]
41 [138.0, 68.0, 34.0, 710.0, 0.729659248748826, 0.8926315789473684]
42 [137.0, 69.0, 34.0, 710.0, 0.7262912425618412, 0.891578947368421]
43 [138.0, 68.0, 33.0, 711.0, 0.7315962517598413, 0.8936842105263157]
44 [138.0, 68.0, 32.0, 712.0, 0.733543566344226, 0.8947368421052632]
45 [136.0, 70.0, 29.0, 715.0, 0.732656125416498, 0.8957894736842106]
46 [136.0, 70.0, 28.0, 716.0, 0.7346379351880459, 0.8968421052631579]
47 [137.0, 69.0, 28.0, 716.0, 0.7380469295097316, 0.8978947368421053]
48 [136.0, 70.0, 25.0, 719.0, 0.7406482195267036, 0.9]
49 [136.0, 70.0, 26.0, 718.0, 0.7386338940507222, 0.8989473684210526]
50 [137.0, 69.0, 26.0, 718.0, 0.7420505179128881, 0.9]
[137.0, 69.0, 26.0, 718.0, 0.7420505179128881, 0.9]
precious=0.665045315314	recall=0.840485641192	f_scores=0.742050517913
p_avg=0.705768331561	r_avg=0.809825817171	f_avg=0.752593054048
