1 [56.0, 156.0, 23.0, 715.0, 0.38448192947866744, 0.8115789473684211]
2 [109.0, 103.0, 53.0, 685.0, 0.5823939332547451, 0.8357894736842105]
3 [125.0, 87.0, 67.0, 671.0, 0.6183104448365174, 0.8378947368421052]
4 [136.0, 76.0, 82.0, 656.0, 0.6320556895232705, 0.8336842105263158]
5 [145.0, 67.0, 77.0, 661.0, 0.6677003246312538, 0.848421052631579]
6 [146.0, 66.0, 73.0, 665.0, 0.6769915561566336, 0.8536842105263158]
7 [150.0, 62.0, 65.0, 673.0, 0.7020732019002476, 0.8663157894736843]
8 [152.0, 60.0, 63.0, 675.0, 0.7114408348475889, 0.8705263157894737]
9 [154.0, 58.0, 67.0, 671.0, 0.7108136786408966, 0.868421052631579]
10 [143.0, 69.0, 51.0, 687.0, 0.7039313634764571, 0.8736842105263158]
11 [141.0, 71.0, 52.0, 686.0, 0.6957943154538927, 0.8705263157894737]
12 [138.0, 74.0, 44.0, 694.0, 0.7000073096473098, 0.8757894736842106]
13 [140.0, 72.0, 44.0, 694.0, 0.7065699855448321, 0.8778947368421053]
14 [139.0, 73.0, 39.0, 699.0, 0.712321002612079, 0.8821052631578947]
15 [136.0, 76.0, 39.0, 699.0, 0.7023436643252989, 0.8789473684210526]
16 [134.0, 78.0, 35.0, 703.0, 0.7029150959549704, 0.8810526315789474]
17 [134.0, 78.0, 32.0, 706.0, 0.708498704259136, 0.8842105263157894]
18 [129.0, 83.0, 33.0, 705.0, 0.6893451689393645, 0.8778947368421053]
19 [131.0, 81.0, 29.0, 709.0, 0.7038073995250016, 0.8842105263157894]
20 [130.0, 82.0, 31.0, 707.0, 0.6965568932874746, 0.8810526315789474]
21 [131.0, 81.0, 29.0, 709.0, 0.7038073995250016, 0.8842105263157894]
22 [131.0, 81.0, 28.0, 710.0, 0.7057061973757216, 0.8852631578947369]
23 [132.0, 80.0, 31.0, 707.0, 0.7035051250046912, 0.8831578947368421]
24 [128.0, 84.0, 27.0, 711.0, 0.6970562846614612, 0.8831578947368421]
25 [130.0, 82.0, 30.0, 708.0, 0.6984310869650636, 0.8821052631578947]
26 [130.0, 82.0, 27.0, 711.0, 0.7041146741203314, 0.8852631578947369]
27 [129.0, 83.0, 24.0, 714.0, 0.7063588413766242, 0.8873684210526316]
28 [130.0, 82.0, 25.0, 713.0, 0.7079554025832342, 0.8873684210526316]
29 [130.0, 82.0, 25.0, 713.0, 0.7079554025832342, 0.8873684210526316]
30 [129.0, 83.0, 25.0, 713.0, 0.7044270738528147, 0.8863157894736842]
31 [128.0, 84.0, 23.0, 715.0, 0.7047447279892864, 0.8873684210526316]
32 [125.0, 87.0, 24.0, 714.0, 0.6920325056899594, 0.8831578947368421]
33 [130.0, 82.0, 24.0, 714.0, 0.7098915222775092, 0.888421052631579]
34 [128.0, 84.0, 25.0, 713.0, 0.7008794219630886, 0.8852631578947369]
35 [127.0, 85.0, 23.0, 715.0, 0.701168584164516, 0.8863157894736842]
36 [126.0, 86.0, 22.0, 716.0, 0.6995122481215014, 0.8863157894736842]
37 [126.0, 86.0, 22.0, 716.0, 0.6995122481215014, 0.8863157894736842]
38 [125.0, 87.0, 21.0, 717.0, 0.6978374486279645, 0.8863157894736842]
39 [126.0, 86.0, 21.0, 717.0, 0.7014626740241203, 0.8873684210526316]
40 [125.0, 87.0, 21.0, 717.0, 0.6978374486279645, 0.8863157894736842]
41 [125.0, 87.0, 22.0, 716.0, 0.6958916770814564, 0.8852631578947369]
42 [125.0, 87.0, 22.0, 716.0, 0.6958916770814564, 0.8852631578947369]
43 [125.0, 87.0, 21.0, 717.0, 0.6978374486279645, 0.8863157894736842]
44 [125.0, 87.0, 21.0, 717.0, 0.6978374486279645, 0.8863157894736842]
45 [124.0, 88.0, 19.0, 719.0, 0.6981068335963048, 0.8873684210526316]
46 [126.0, 86.0, 20.0, 718.0, 0.7034240069491147, 0.888421052631579]
47 [125.0, 87.0, 20.0, 718.0, 0.6997941317653644, 0.8873684210526316]
48 [126.0, 86.0, 20.0, 718.0, 0.7034240069491147, 0.888421052631579]
49 [125.0, 87.0, 21.0, 717.0, 0.6978374486279645, 0.8863157894736842]
50 [128.0, 84.0, 21.0, 717.0, 0.7086529042826267, 0.8894736842105263]
[128.0, 84.0, 21.0, 717.0, 0.7086529042826267, 0.8894736842105263]
precious=0.60377073693	recall=0.859054637217	f_scores=0.708652904283
p_avg=0.731128593223	r_avg=0.762587951183	f_avg=0.743368206702
