1 [44.0, 146.0, 20.0, 740.0, 0.3460774119501097, 0.8252631578947368]
2 [80.0, 110.0, 36.0, 724.0, 0.5224020634940719, 0.8463157894736842]
3 [94.0, 96.0, 39.0, 721.0, 0.5815557132866107, 0.8578947368421053]
4 [100.0, 90.0, 39.0, 721.0, 0.6074114462485215, 0.8642105263157894]
5 [105.0, 85.0, 36.0, 724.0, 0.6339485880674598, 0.8726315789473684]
6 [108.0, 82.0, 40.0, 720.0, 0.6385575722331828, 0.871578947368421]
7 [107.0, 83.0, 38.0, 722.0, 0.6383115554230778, 0.8726315789473684]
8 [125.0, 65.0, 81.0, 679.0, 0.6308111535123495, 0.8463157894736842]
9 [133.0, 57.0, 91.0, 669.0, 0.6420127292336626, 0.8442105263157895]
10 [134.0, 56.0, 93.0, 667.0, 0.6421870878873118, 0.8431578947368421]
11 [134.0, 56.0, 94.0, 666.0, 0.6406497730825294, 0.8421052631578947]
12 [131.0, 59.0, 81.0, 679.0, 0.6512399295313099, 0.8526315789473684]
13 [138.0, 52.0, 89.0, 671.0, 0.6613716370717103, 0.8515789473684211]
14 [127.0, 63.0, 72.0, 688.0, 0.652453590929898, 0.8578947368421053]
15 [139.0, 51.0, 83.0, 677.0, 0.6742573881054184, 0.8589473684210527]
16 [135.0, 55.0, 81.0, 679.0, 0.6645237776491152, 0.8568421052631578]
17 [136.0, 54.0, 73.0, 687.0, 0.6812023421818236, 0.8663157894736843]
18 [132.0, 58.0, 71.0, 689.0, 0.671253224775732, 0.8642105263157894]
19 [134.0, 56.0, 70.0, 690.0, 0.6797005905286411, 0.8673684210526316]
20 [130.0, 60.0, 69.0, 691.0, 0.667877667340306, 0.8642105263157894]
21 [129.0, 61.0, 65.0, 695.0, 0.6713719266597779, 0.8673684210526316]
22 [129.0, 61.0, 65.0, 695.0, 0.6713719266597779, 0.8673684210526316]
23 [130.0, 60.0, 65.0, 695.0, 0.6748216212887657, 0.868421052631579]
24 [126.0, 64.0, 62.0, 698.0, 0.6661635280456595, 0.8673684210526316]
25 [127.0, 63.0, 32.0, 728.0, 0.7272938083522346, 0.9]
26 [128.0, 62.0, 32.0, 728.0, 0.7309284018546223, 0.9010526315789473]
27 [122.0, 68.0, 31.0, 729.0, 0.7108722756364311, 0.8957894736842106]
28 [126.0, 64.0, 31.0, 729.0, 0.725725458006148, 0.9]
29 [122.0, 68.0, 27.0, 733.0, 0.7192674160831952, 0.9]
30 [121.0, 69.0, 27.0, 733.0, 0.7154801533096685, 0.8989473684210526]
31 [117.0, 73.0, 25.0, 735.0, 0.7043258223466631, 0.8968421052631579]
32 [117.0, 73.0, 25.0, 735.0, 0.7043258223466631, 0.8968421052631579]
33 [117.0, 73.0, 23.0, 737.0, 0.7085984262106417, 0.8989473684210526]
34 [115.0, 75.0, 22.0, 738.0, 0.7028730839775177, 0.8978947368421053]
35 [115.0, 75.0, 24.0, 736.0, 0.6985962512495797, 0.8957894736842106]
36 [116.0, 74.0, 21.0, 739.0, 0.7089892516195764, 0.9]
37 [115.0, 75.0, 24.0, 736.0, 0.6985962512495797, 0.8957894736842106]
38 [115.0, 75.0, 23.0, 737.0, 0.7007281418560015, 0.8968421052631579]
39 [115.0, 75.0, 21.0, 739.0, 0.7050311978349313, 0.8989473684210526]
40 [114.0, 76.0, 22.0, 738.0, 0.6988962690834316, 0.8968421052631579]
41 [113.0, 77.0, 21.0, 739.0, 0.6970418321221965, 0.8968421052631579]
42 [113.0, 77.0, 20.0, 740.0, 0.6992019759603819, 0.8978947368421053]
43 [112.0, 78.0, 20.0, 740.0, 0.6951644114875799, 0.8968421052631579]
44 [111.0, 79.0, 20.0, 740.0, 0.6911017044751168, 0.8957894736842106]
45 [111.0, 79.0, 20.0, 740.0, 0.6911017044751168, 0.8957894736842106]
46 [111.0, 79.0, 20.0, 740.0, 0.6911017044751168, 0.8957894736842106]
47 [110.0, 80.0, 21.0, 739.0, 0.6848712167630342, 0.8936842105263157]
48 [109.0, 81.0, 20.0, 740.0, 0.6828999175460344, 0.8936842105263157]
49 [110.0, 80.0, 20.0, 740.0, 0.6870136193398013, 0.8947368421052632]
50 [110.0, 80.0, 21.0, 739.0, 0.6848712167630342, 0.8936842105263157]
[110.0, 80.0, 21.0, 739.0, 0.6848712167630342, 0.8936842105263157]
precious=0.578944321346	recall=0.839688246655	f_scores=0.684871216763
p_avg=0.634130681748	r_avg=0.869208367857	f_avg=0.732297856887
