1 [44.0, 165.0, 22.0, 719.0, 0.3196332861836137, 0.8031578947368421]
2 [85.0, 124.0, 44.0, 697.0, 0.5024840562210426, 0.8231578947368421]
3 [99.0, 110.0, 42.0, 699.0, 0.5652303351750413, 0.84]
4 [107.0, 102.0, 38.0, 703.0, 0.6040330878178514, 0.8526315789473684]
5 [118.0, 91.0, 38.0, 703.0, 0.646082712048189, 0.8642105263157894]
6 [142.0, 67.0, 46.0, 695.0, 0.7148633817540395, 0.8810526315789474]
7 [132.0, 77.0, 35.0, 706.0, 0.7016305104776004, 0.8821052631578947]
8 [157.0, 52.0, 96.0, 645.0, 0.6791556334812491, 0.8442105263157895]
9 [146.0, 63.0, 81.0, 660.0, 0.6692229224584421, 0.848421052631579]
10 [154.0, 55.0, 91.0, 650.0, 0.6779146157764117, 0.8463157894736842]
11 [159.0, 50.0, 107.0, 634.0, 0.6689784278103788, 0.8347368421052631]
12 [152.0, 57.0, 79.0, 662.0, 0.6904075601932285, 0.8568421052631578]
13 [158.0, 51.0, 90.0, 651.0, 0.6909670544590676, 0.8515789473684211]
14 [158.0, 51.0, 88.0, 653.0, 0.6940061030534924, 0.8536842105263158]
15 [159.0, 50.0, 82.0, 659.0, 0.7061664042724118, 0.8610526315789474]
16 [153.0, 56.0, 79.0, 662.0, 0.6933761222964608, 0.8578947368421053]
17 [154.0, 55.0, 79.0, 662.0, 0.6963312566696216, 0.8589473684210527]
18 [152.0, 57.0, 75.0, 666.0, 0.6967457173233511, 0.8610526315789474]
19 [151.0, 58.0, 78.0, 663.0, 0.6889959718350659, 0.8568421052631578]
20 [148.0, 61.0, 76.0, 665.0, 0.6831005784558479, 0.8557894736842105]
21 [146.0, 63.0, 70.0, 671.0, 0.6865560893752799, 0.86]
22 [147.0, 62.0, 72.0, 669.0, 0.6864133142109367, 0.8589473684210527]
23 [147.0, 62.0, 70.0, 671.0, 0.6896381430471366, 0.8610526315789474]
24 [146.0, 63.0, 44.0, 697.0, 0.7313273792422014, 0.8873684210526316]
25 [146.0, 63.0, 40.0, 701.0, 0.7387387942531943, 0.891578947368421]
26 [145.0, 64.0, 40.0, 701.0, 0.7355390650432017, 0.8905263157894737]
27 [146.0, 63.0, 40.0, 701.0, 0.7387387942531943, 0.891578947368421]
28 [144.0, 65.0, 39.0, 702.0, 0.7341926657777069, 0.8905263157894737]
29 [142.0, 67.0, 38.0, 703.0, 0.7295764844695082, 0.8894736842105263]
30 [142.0, 67.0, 38.0, 703.0, 0.7295764844695082, 0.8894736842105263]
31 [141.0, 68.0, 36.0, 705.0, 0.7300699364515315, 0.8905263157894737]
32 [142.0, 67.0, 38.0, 703.0, 0.7295764844695082, 0.8894736842105263]
33 [141.0, 68.0, 36.0, 705.0, 0.7300699364515315, 0.8905263157894737]
34 [141.0, 68.0, 36.0, 705.0, 0.7300699364515315, 0.8905263157894737]
35 [140.0, 69.0, 36.0, 705.0, 0.7267729611717775, 0.8894736842105263]
36 [139.0, 70.0, 32.0, 709.0, 0.7310804316221692, 0.8926315789473684]
37 [139.0, 70.0, 32.0, 709.0, 0.7310804316221692, 0.8926315789473684]
38 [138.0, 71.0, 30.0, 711.0, 0.731597853752706, 0.8936842105263157]
39 [137.0, 72.0, 29.0, 712.0, 0.7301696769425269, 0.8936842105263157]
40 [134.0, 75.0, 29.0, 712.0, 0.7199342158337967, 0.8905263157894737]
41 [132.0, 77.0, 30.0, 711.0, 0.7110948247686912, 0.8873684210526316]
42 [130.0, 79.0, 29.0, 712.0, 0.7060274701960045, 0.8863157894736842]
43 [129.0, 80.0, 29.0, 712.0, 0.7025034414306175, 0.8852631578947369]
44 [129.0, 80.0, 30.0, 711.0, 0.7005927197629979, 0.8842105263157894]
45 [127.0, 82.0, 29.0, 712.0, 0.695397484104121, 0.8831578947368421]
46 [125.0, 84.0, 28.0, 713.0, 0.6901162292697582, 0.8821052631578947]
47 [126.0, 83.0, 28.0, 713.0, 0.6937228730076367, 0.8831578947368421]
48 [126.0, 83.0, 27.0, 714.0, 0.6956410578909602, 0.8842105263157894]
49 [128.0, 81.0, 28.0, 713.0, 0.7008769034488849, 0.8852631578947369]
50 [126.0, 83.0, 28.0, 713.0, 0.6937228730076367, 0.8831578947368421]
[126.0, 83.0, 28.0, 713.0, 0.6937228730076367, 0.8831578947368421]
precious=0.602867928862	recall=0.818176505347	f_scores=0.693722873008
p_avg=0.626358735664	r_avg=0.850633243339	f_avg=0.720572700721
