1 [141.0, 66.0, 196.0, 547.0, 0.517909428764558, 0.7242105263157895]
2 [164.0, 43.0, 197.0, 546.0, 0.5769998813355576, 0.7473684210526316]
3 [171.0, 36.0, 176.0, 567.0, 0.6168585762023838, 0.7768421052631579]
4 [139.0, 68.0, 86.0, 657.0, 0.6430167941706438, 0.8378947368421052]
5 [132.0, 75.0, 68.0, 675.0, 0.648145993997283, 0.8494736842105263]
6 [136.0, 71.0, 67.0, 676.0, 0.6629118220680553, 0.8547368421052631]
7 [166.0, 41.0, 104.0, 639.0, 0.6955229216051173, 0.8473684210526315]
8 [167.0, 40.0, 104.0, 639.0, 0.6982511544526636, 0.848421052631579]
9 [171.0, 36.0, 114.0, 629.0, 0.6946320339138973, 0.8421052631578947]
10 [170.0, 37.0, 96.0, 647.0, 0.7183211445365474, 0.86]
11 [165.0, 42.0, 85.0, 658.0, 0.7216022627727849, 0.8663157894736843]
12 [169.0, 38.0, 85.0, 658.0, 0.7326910701146531, 0.8705263157894737]
13 [166.0, 41.0, 74.0, 669.0, 0.7422290411231265, 0.8789473684210526]
14 [167.0, 40.0, 74.0, 669.0, 0.7450355971115906, 0.88]
15 [172.0, 35.0, 84.0, 659.0, 0.7424832810280853, 0.8747368421052631]
16 [165.0, 42.0, 70.0, 673.0, 0.7461052949869563, 0.8821052631578947]
17 [160.0, 47.0, 68.0, 675.0, 0.7351303050092639, 0.8789473684210526]
18 [162.0, 45.0, 62.0, 681.0, 0.751237760057334, 0.8873684210526316]
19 [160.0, 47.0, 64.0, 679.0, 0.741957064802411, 0.8831578947368421]
20 [160.0, 47.0, 60.0, 683.0, 0.7489118059834823, 0.8873684210526316]
21 [160.0, 47.0, 59.0, 684.0, 0.7506709111078146, 0.888421052631579]
22 [156.0, 51.0, 61.0, 682.0, 0.7353462028923176, 0.8821052631578947]
23 [158.0, 49.0, 61.0, 682.0, 0.7412812880295978, 0.8842105263157894]
24 [161.0, 46.0, 61.0, 682.0, 0.750080194691183, 0.8873684210526316]
25 [156.0, 51.0, 56.0, 687.0, 0.7441269239134813, 0.8873684210526316]
26 [157.0, 50.0, 54.0, 689.0, 0.7506929563338847, 0.8905263157894737]
27 [158.0, 49.0, 56.0, 687.0, 0.7500907293726634, 0.8894736842105263]
28 [157.0, 50.0, 55.0, 688.0, 0.7489001686842282, 0.8894736842105263]
29 [160.0, 47.0, 57.0, 686.0, 0.7542140299485798, 0.8905263157894737]
30 [159.0, 48.0, 55.0, 688.0, 0.7548412985380046, 0.891578947368421]
31 [160.0, 47.0, 56.0, 687.0, 0.7559981615100901, 0.891578947368421]
32 [155.0, 52.0, 53.0, 690.0, 0.7464846892370719, 0.8894736842105263]
33 [158.0, 49.0, 52.0, 691.0, 0.757290486036298, 0.8936842105263157]
34 [156.0, 51.0, 50.0, 693.0, 0.7549446172024555, 0.8936842105263157]
35 [156.0, 51.0, 52.0, 691.0, 0.7513039409776923, 0.891578947368421]
36 [156.0, 51.0, 49.0, 694.0, 0.7567782189706291, 0.8947368421052632]
37 [156.0, 51.0, 50.0, 693.0, 0.7549446172024555, 0.8936842105263157]
38 [156.0, 51.0, 50.0, 693.0, 0.7549446172024555, 0.8936842105263157]
39 [156.0, 51.0, 50.0, 693.0, 0.7549446172024555, 0.8936842105263157]
40 [155.0, 52.0, 48.0, 695.0, 0.7555942506684586, 0.8947368421052632]
41 [153.0, 54.0, 47.0, 696.0, 0.7513395373040621, 0.8936842105263157]
42 [155.0, 52.0, 48.0, 695.0, 0.7555942506684586, 0.8947368421052632]
43 [154.0, 53.0, 47.0, 696.0, 0.7543986992412445, 0.8947368421052632]
44 [153.0, 54.0, 47.0, 696.0, 0.7513395373040621, 0.8936842105263157]
45 [153.0, 54.0, 46.0, 697.0, 0.7531913938721343, 0.8947368421052632]
46 [155.0, 52.0, 47.0, 696.0, 0.7574429081968642, 0.8957894736842106]
47 [154.0, 53.0, 48.0, 695.0, 0.7525529586968353, 0.8936842105263157]
48 [155.0, 52.0, 47.0, 696.0, 0.7574429081968642, 0.8957894736842106]
49 [154.0, 53.0, 46.0, 697.0, 0.7562535159156683, 0.8957894736842106]
50 [153.0, 54.0, 48.0, 695.0, 0.7494967646467374, 0.8926315789473684]
[153.0, 54.0, 48.0, 695.0, 0.7494967646467374, 0.8926315789473684]
precious=0.739126864121	recall=0.761190242835	f_scores=0.749496764647
p_avg=0.767703797607	r_avg=0.725573082131	f_avg=0.744587787019
