1 [151.0, 48.0, 183.0, 568.0, 0.5661344635809475, 0.7568421052631579]
2 [156.0, 43.0, 187.0, 564.0, 0.5751793005345102, 0.7578947368421053]
3 [150.0, 49.0, 117.0, 634.0, 0.6432850793788565, 0.8252631578947368]
4 [152.0, 47.0, 112.0, 639.0, 0.6560948568260876, 0.8326315789473684]
5 [151.0, 48.0, 92.0, 659.0, 0.6827601401300643, 0.8526315789473684]
6 [153.0, 46.0, 92.0, 659.0, 0.6886918062991125, 0.8547368421052631]
7 [153.0, 46.0, 72.0, 679.0, 0.7211969326564726, 0.8757894736842106]
8 [156.0, 43.0, 75.0, 676.0, 0.7250811301197275, 0.8757894736842106]
9 [161.0, 38.0, 78.0, 673.0, 0.7346609646791745, 0.8778947368421053]
10 [160.0, 39.0, 77.0, 674.0, 0.7334457207147396, 0.8778947368421053]
11 [162.0, 37.0, 76.0, 675.0, 0.7409196850032248, 0.8810526315789474]
12 [161.0, 38.0, 72.0, 679.0, 0.744870347747718, 0.8842105263157894]
13 [159.0, 40.0, 74.0, 677.0, 0.7356111355164463, 0.88]
14 [162.0, 37.0, 73.0, 678.0, 0.7460441088521133, 0.8842105263157894]
15 [162.0, 37.0, 69.0, 682.0, 0.752987964461321, 0.888421052631579]
16 [162.0, 37.0, 70.0, 681.0, 0.7512399104909099, 0.8873684210526316]
17 [160.0, 39.0, 70.0, 681.0, 0.74542021070371, 0.8852631578947369]
18 [160.0, 39.0, 62.0, 689.0, 0.7595932200282909, 0.8936842105263157]
19 [159.0, 40.0, 63.0, 688.0, 0.7548426508256675, 0.891578947368421]
20 [161.0, 38.0, 62.0, 689.0, 0.7625315016134397, 0.8947368421052632]
21 [160.0, 39.0, 61.0, 690.0, 0.7614028317881648, 0.8947368421052632]
22 [159.0, 40.0, 61.0, 690.0, 0.7584478415108548, 0.8936842105263157]
23 [159.0, 40.0, 63.0, 688.0, 0.7548426508256675, 0.891578947368421]
24 [155.0, 44.0, 57.0, 694.0, 0.7537550680060559, 0.8936842105263157]
25 [159.0, 40.0, 61.0, 690.0, 0.7584478415108548, 0.8936842105263157]
26 [158.0, 41.0, 59.0, 692.0, 0.7591129964091017, 0.8947368421052632]
27 [157.0, 42.0, 58.0, 693.0, 0.7579515174890774, 0.8947368421052632]
28 [158.0, 41.0, 56.0, 695.0, 0.7646304519042398, 0.8978947368421053]
29 [156.0, 43.0, 53.0, 698.0, 0.7642027604941479, 0.8989473684210526]
30 [158.0, 41.0, 52.0, 699.0, 0.7721130434279104, 0.9021052631578947]
31 [156.0, 43.0, 50.0, 701.0, 0.7698670395737012, 0.9021052631578947]
32 [153.0, 46.0, 51.0, 700.0, 0.758801848570231, 0.8978947368421053]
33 [153.0, 46.0, 49.0, 702.0, 0.7625888187486599, 0.9]
34 [154.0, 45.0, 51.0, 700.0, 0.7618729013491455, 0.8989473684210526]
35 [153.0, 46.0, 48.0, 703.0, 0.7644965140882403, 0.9010526315789473]
36 [153.0, 46.0, 52.0, 699.0, 0.7569224329464513, 0.8968421052631579]
37 [154.0, 45.0, 49.0, 702.0, 0.7656657179871899, 0.9010526315789473]
38 [153.0, 46.0, 49.0, 702.0, 0.7625888187486599, 0.9]
39 [155.0, 44.0, 49.0, 702.0, 0.7687273533832485, 0.9021052631578947]
40 [153.0, 46.0, 51.0, 700.0, 0.758801848570231, 0.8978947368421053]
41 [155.0, 44.0, 51.0, 700.0, 0.7649287944448797, 0.9]
42 [152.0, 47.0, 50.0, 701.0, 0.7576013146042299, 0.8978947368421053]
43 [153.0, 46.0, 50.0, 701.0, 0.7606906204902902, 0.8989473684210526]
44 [154.0, 45.0, 52.0, 699.0, 0.7599905493431794, 0.8978947368421053]
45 [153.0, 46.0, 49.0, 702.0, 0.7625888187486599, 0.9]
46 [154.0, 45.0, 50.0, 701.0, 0.7637646009629776, 0.9]
47 [154.0, 45.0, 48.0, 703.0, 0.7675763229210235, 0.9021052631578947]
48 [154.0, 45.0, 48.0, 703.0, 0.7675763229210235, 0.9021052631578947]
49 [155.0, 44.0, 48.0, 703.0, 0.7706408155115486, 0.9031578947368422]
50 [157.0, 42.0, 48.0, 703.0, 0.7767243067206537, 0.9052631578947369]
[157.0, 42.0, 48.0, 703.0, 0.7767243067206537, 0.9052631578947369]
precious=0.788940759092	recall=0.765849922683	f_scores=0.776724306721
p_avg=0.788940759092	r_avg=0.765849922683	f_avg=0.776724306721
