1 [40.0, 148.0, 15.0, 747.0, 0.32886554949173236, 0.828421052631579]
2 [107.0, 81.0, 57.0, 705.0, 0.6074538226104207, 0.8547368421052631]
3 [133.0, 55.0, 86.0, 676.0, 0.6530627204594858, 0.8515789473684211]
4 [140.0, 48.0, 81.0, 681.0, 0.6840968445230702, 0.8642105263157894]
5 [150.0, 38.0, 103.0, 659.0, 0.6797802373233106, 0.8515789473684211]
6 [150.0, 38.0, 93.0, 669.0, 0.6955609439407018, 0.8621052631578947]
7 [152.0, 36.0, 96.0, 666.0, 0.6967543217256832, 0.8610526315789474]
8 [149.0, 39.0, 65.0, 697.0, 0.7407922700506797, 0.8905263157894737]
9 [149.0, 39.0, 78.0, 684.0, 0.7175735860745255, 0.8768421052631579]
10 [148.0, 40.0, 55.0, 707.0, 0.756530440717596, 0.9]
11 [146.0, 42.0, 55.0, 707.0, 0.7501397046913452, 0.8978947368421053]
12 [149.0, 39.0, 60.0, 702.0, 0.7501276714230374, 0.8957894736842106]
13 [146.0, 42.0, 57.0, 705.0, 0.7463003185219975, 0.8957894736842106]
14 [142.0, 46.0, 49.0, 713.0, 0.7488367798033273, 0.9]
15 [139.0, 49.0, 42.0, 720.0, 0.7528839618059961, 0.9042105263157895]
16 [142.0, 46.0, 45.0, 717.0, 0.7568296276841878, 0.9042105263157895]
17 [142.0, 46.0, 44.0, 718.0, 0.7588545713421458, 0.9052631578947369]
18 [139.0, 49.0, 42.0, 720.0, 0.7528839618059961, 0.9042105263157895]
19 [138.0, 50.0, 37.0, 725.0, 0.7598273584009981, 0.9084210526315789]
20 [140.0, 48.0, 40.0, 722.0, 0.7603659944187692, 0.9073684210526316]
21 [140.0, 48.0, 39.0, 723.0, 0.7624392493494572, 0.9084210526315789]
22 [140.0, 48.0, 33.0, 729.0, 0.7751201558881499, 0.9147368421052632]
23 [140.0, 48.0, 33.0, 729.0, 0.7751201558881499, 0.9147368421052632]
24 [140.0, 48.0, 31.0, 731.0, 0.779441384698702, 0.9168421052631579]
25 [140.0, 48.0, 34.0, 728.0, 0.772977459507445, 0.9136842105263158]
26 [140.0, 48.0, 32.0, 730.0, 0.7772747644139718, 0.9157894736842105]
27 [140.0, 48.0, 32.0, 730.0, 0.7772747644139718, 0.9157894736842105]
28 [140.0, 48.0, 31.0, 731.0, 0.779441384698702, 0.9168421052631579]
29 [140.0, 48.0, 30.0, 732.0, 0.781620117469912, 0.9178947368421052]
30 [140.0, 48.0, 30.0, 732.0, 0.781620117469912, 0.9178947368421052]
31 [140.0, 48.0, 30.0, 732.0, 0.781620117469912, 0.9178947368421052]
32 [140.0, 48.0, 31.0, 731.0, 0.779441384698702, 0.9168421052631579]
33 [141.0, 47.0, 30.0, 732.0, 0.7850123820429111, 0.9189473684210526]
34 [140.0, 48.0, 32.0, 730.0, 0.7772747644139718, 0.9157894736842105]
35 [140.0, 48.0, 32.0, 730.0, 0.7772747644139718, 0.9157894736842105]
36 [141.0, 47.0, 32.0, 730.0, 0.7806602891246897, 0.9168421052631579]
37 [140.0, 48.0, 34.0, 728.0, 0.772977459507445, 0.9136842105263158]
38 [140.0, 48.0, 32.0, 730.0, 0.7772747644139718, 0.9157894736842105]
39 [140.0, 48.0, 32.0, 730.0, 0.7772747644139718, 0.9157894736842105]
40 [139.0, 49.0, 31.0, 731.0, 0.7760335587860429, 0.9157894736842105]
41 [139.0, 49.0, 32.0, 730.0, 0.7738703873869932, 0.9147368421052632]
42 [140.0, 48.0, 33.0, 729.0, 0.7751201558881499, 0.9147368421052632]
43 [140.0, 48.0, 33.0, 729.0, 0.7751201558881499, 0.9147368421052632]
44 [140.0, 48.0, 33.0, 729.0, 0.7751201558881499, 0.9147368421052632]
45 [139.0, 49.0, 32.0, 730.0, 0.7738703873869932, 0.9147368421052632]
46 [142.0, 46.0, 33.0, 729.0, 0.7818657952437158, 0.9168421052631579]
47 [139.0, 49.0, 32.0, 730.0, 0.7738703873869932, 0.9147368421052632]
48 [138.0, 50.0, 33.0, 729.0, 0.7682993901084914, 0.9126315789473685]
49 [139.0, 49.0, 32.0, 730.0, 0.7738703873869932, 0.9147368421052632]
50 [140.0, 48.0, 32.0, 730.0, 0.7772747644139718, 0.9157894736842105]
[140.0, 48.0, 32.0, 730.0, 0.7772747644139718, 0.9157894736842105]
precious=0.744676890017	recall=0.813948756112	f_scores=0.777274764414
p_avg=0.696139296509	r_avg=0.80776204972	f_avg=0.746725393363
