1 [57.0, 161.0, 30.0, 702.0, 0.3733607226652949, 0.7989473684210526]
2 [119.0, 99.0, 49.0, 683.0, 0.6160858972405223, 0.8442105263157895]
3 [144.0, 74.0, 70.0, 662.0, 0.6661639977842159, 0.848421052631579]
4 [160.0, 58.0, 89.0, 643.0, 0.6847244694158718, 0.8452631578947368]
5 [166.0, 52.0, 92.0, 640.0, 0.6969799449588799, 0.848421052631579]
6 [164.0, 54.0, 85.0, 647.0, 0.7018550082288822, 0.8536842105263158]
7 [160.0, 58.0, 73.0, 659.0, 0.7090321259996876, 0.8621052631578947]
8 [160.0, 58.0, 79.0, 653.0, 0.6997171650301334, 0.8557894736842105]
9 [153.0, 65.0, 58.0, 674.0, 0.7127838711374053, 0.8705263157894737]
10 [155.0, 63.0, 61.0, 671.0, 0.7137827830216724, 0.8694736842105263]
11 [151.0, 67.0, 58.0, 674.0, 0.7067572155230735, 0.868421052631579]
12 [146.0, 72.0, 55.0, 677.0, 0.6963952286048966, 0.8663157894736843]
13 [149.0, 69.0, 55.0, 677.0, 0.7056586940182595, 0.8694736842105263]
14 [143.0, 75.0, 47.0, 685.0, 0.7004796638787514, 0.871578947368421]
15 [146.0, 72.0, 47.0, 685.0, 0.7099610288847046, 0.8747368421052631]
16 [145.0, 73.0, 47.0, 685.0, 0.7068159839149986, 0.8736842105263158]
17 [142.0, 76.0, 42.0, 690.0, 0.7059680721385682, 0.8757894736842106]
18 [144.0, 74.0, 44.0, 688.0, 0.708859189855616, 0.8757894736842106]
19 [144.0, 74.0, 44.0, 688.0, 0.708859189855616, 0.8757894736842106]
20 [142.0, 76.0, 40.0, 692.0, 0.7095008461687684, 0.8778947368421053]
21 [145.0, 73.0, 39.0, 693.0, 0.7208933638105245, 0.8821052631578947]
22 [145.0, 73.0, 38.0, 694.0, 0.7226925622543285, 0.8831578947368421]
23 [144.0, 74.0, 37.0, 695.0, 0.7213055329727938, 0.8831578947368421]
24 [143.0, 75.0, 36.0, 696.0, 0.7199045587677007, 0.8831578947368421]
25 [144.0, 74.0, 37.0, 695.0, 0.7213055329727938, 0.8831578947368421]
26 [145.0, 73.0, 35.0, 697.0, 0.7281444491443962, 0.8863157894736842]
27 [147.0, 71.0, 36.0, 696.0, 0.7326675702221909, 0.8873684210526316]
28 [148.0, 70.0, 36.0, 696.0, 0.735818655774466, 0.888421052631579]
29 [148.0, 70.0, 36.0, 696.0, 0.735818655774466, 0.888421052631579]
30 [151.0, 67.0, 35.0, 697.0, 0.7470245188283918, 0.8926315789473684]
31 [150.0, 68.0, 35.0, 697.0, 0.7439168628298426, 0.891578947368421]
32 [148.0, 70.0, 34.0, 698.0, 0.7395006821441271, 0.8905263157894737]
33 [152.0, 66.0, 35.0, 697.0, 0.7501168355712317, 0.8936842105263157]
34 [148.0, 70.0, 32.0, 700.0, 0.7432197434541049, 0.8926315789473684]
35 [148.0, 70.0, 33.0, 699.0, 0.7413555485964827, 0.891578947368421]
36 [151.0, 67.0, 37.0, 695.0, 0.7433417624734452, 0.8905263157894737]
37 [150.0, 68.0, 37.0, 695.0, 0.7402403455172494, 0.8894736842105263]
38 [150.0, 68.0, 35.0, 697.0, 0.7439168628298426, 0.891578947368421]
39 [153.0, 65.0, 36.0, 696.0, 0.751341924709612, 0.8936842105263157]
40 [154.0, 64.0, 36.0, 696.0, 0.7544009429853381, 0.8947368421052632]
41 [154.0, 64.0, 37.0, 695.0, 0.7525550601348208, 0.8936842105263157]
42 [154.0, 64.0, 34.0, 698.0, 0.7581200083298982, 0.8968421052631579]
43 [154.0, 64.0, 35.0, 697.0, 0.7562559033417686, 0.8957894736842106]
44 [155.0, 63.0, 35.0, 697.0, 0.7593028776268232, 0.8968421052631579]
45 [155.0, 63.0, 34.0, 698.0, 0.7611698820014497, 0.8978947368421053]
46 [155.0, 63.0, 36.0, 696.0, 0.757445009652801, 0.8957894736842106]
47 [155.0, 63.0, 36.0, 696.0, 0.757445009652801, 0.8957894736842106]
48 [154.0, 64.0, 34.0, 698.0, 0.7581200083298982, 0.8968421052631579]
49 [154.0, 64.0, 34.0, 698.0, 0.7581200083298982, 0.8968421052631579]
50 [153.0, 65.0, 34.0, 698.0, 0.7550550806411659, 0.8957894736842106]
[153.0, 65.0, 34.0, 698.0, 0.7550550806411659, 0.8957894736842106]
precious=0.701831642974	recall=0.818177442901	f_scores=0.755055080641
p_avg=0.684004898132	r_avg=0.806215373121	f_avg=0.7390880506
