1 [59.0, 151.0, 37.0, 703.0, 0.3851882704322686, 0.8021052631578948]
2 [93.0, 117.0, 44.0, 696.0, 0.5355425194438721, 0.8305263157894737]
3 [111.0, 99.0, 48.0, 692.0, 0.6011327060149627, 0.8452631578947368]
4 [134.0, 76.0, 55.0, 685.0, 0.6711775860961031, 0.8621052631578947]
5 [134.0, 76.0, 44.0, 696.0, 0.690221846824588, 0.8736842105263158]
6 [135.0, 75.0, 42.0, 698.0, 0.6971748015240424, 0.8768421052631579]
7 [132.0, 78.0, 40.0, 700.0, 0.6906011602327417, 0.8757894736842106]
8 [135.0, 75.0, 37.0, 703.0, 0.7063078764120042, 0.8821052631578947]
9 [140.0, 70.0, 36.0, 704.0, 0.7248890609097671, 0.888421052631579]
10 [134.0, 76.0, 28.0, 712.0, 0.7199348941689182, 0.8905263157894737]
11 [136.0, 74.0, 28.0, 712.0, 0.7267767351005812, 0.8926315789473684]
12 [145.0, 65.0, 28.0, 712.0, 0.7566811928497019, 0.9021052631578947]
13 [146.0, 64.0, 32.0, 708.0, 0.7520771687807337, 0.8989473684210526]
14 [148.0, 62.0, 32.0, 708.0, 0.7584737506616299, 0.9010526315789473]
15 [146.0, 64.0, 46.0, 694.0, 0.7258658904562459, 0.8842105263157894]
16 [151.0, 59.0, 48.0, 692.0, 0.7378833969180505, 0.8873684210526316]
17 [153.0, 57.0, 39.0, 701.0, 0.7606915721781602, 0.8989473684210526]
18 [152.0, 58.0, 49.0, 691.0, 0.7391563452961661, 0.8873684210526316]
19 [154.0, 56.0, 37.0, 703.0, 0.7675774160086868, 0.9021052631578947]
20 [154.0, 56.0, 36.0, 704.0, 0.7694977228532413, 0.9031578947368422]
21 [157.0, 53.0, 37.0, 703.0, 0.7767249798020045, 0.9052631578947369]
22 [158.0, 52.0, 43.0, 697.0, 0.7683532707046115, 0.9]
23 [159.0, 51.0, 39.0, 701.0, 0.7789086965969055, 0.9052631578947369]
24 [160.0, 50.0, 41.0, 699.0, 0.778085579387389, 0.9042105263157895]
25 [160.0, 50.0, 41.0, 699.0, 0.778085579387389, 0.9042105263157895]
26 [160.0, 50.0, 40.0, 700.0, 0.7799846148065078, 0.9052631578947369]
27 [160.0, 50.0, 42.0, 698.0, 0.7761957687052808, 0.9031578947368422]
28 [160.0, 50.0, 41.0, 699.0, 0.778085579387389, 0.9042105263157895]
29 [161.0, 49.0, 42.0, 698.0, 0.7791577052689814, 0.9042105263157895]
30 [162.0, 48.0, 46.0, 694.0, 0.7746162422925718, 0.9010526315789473]
31 [161.0, 49.0, 43.0, 697.0, 0.777274446523041, 0.9031578947368422]
32 [160.0, 50.0, 45.0, 695.0, 0.7705810177931689, 0.9]
33 [162.0, 48.0, 45.0, 695.0, 0.7764750381678008, 0.9021052631578947]
34 [164.0, 46.0, 44.0, 696.0, 0.7841855705686205, 0.9052631578947369]
35 [163.0, 47.0, 43.0, 697.0, 0.7831504435903479, 0.9052631578947369]
36 [164.0, 46.0, 45.0, 695.0, 0.7823128145435803, 0.9042105263157895]
37 [165.0, 45.0, 44.0, 696.0, 0.7870860595162847, 0.9063157894736842]
38 [165.0, 45.0, 45.0, 695.0, 0.7852108622164845, 0.9052631578947369]
39 [165.0, 45.0, 47.0, 693.0, 0.7814871459387661, 0.9031578947368422]
40 [166.0, 44.0, 46.0, 694.0, 0.7862264580470982, 0.9052631578947369]
41 [165.0, 45.0, 47.0, 693.0, 0.7814871459387661, 0.9031578947368422]
42 [166.0, 44.0, 46.0, 694.0, 0.7862264580470982, 0.9052631578947369]
43 [166.0, 44.0, 48.0, 692.0, 0.7825155379742194, 0.9031578947368422]
44 [164.0, 46.0, 46.0, 694.0, 0.7804489820678766, 0.9031578947368422]
45 [166.0, 44.0, 49.0, 691.0, 0.780673183422887, 0.9021052631578947]
46 [166.0, 44.0, 49.0, 691.0, 0.780673183422887, 0.9021052631578947]
47 [168.0, 42.0, 51.0, 689.0, 0.7827136706447548, 0.9021052631578947]
48 [169.0, 41.0, 50.0, 690.0, 0.7873756516878894, 0.9042105263157895]
49 [169.0, 41.0, 50.0, 690.0, 0.7873756516878894, 0.9042105263157895]
50 [168.0, 42.0, 50.0, 690.0, 0.784543553261465, 0.9031578947368422]
[168.0, 42.0, 50.0, 690.0, 0.784543553261465, 0.9031578947368422]
precious=0.799996190494	recall=0.770638666795	f_scores=0.784543553261
p_avg=0.756559328587	r_avg=0.754506864981	f_avg=0.754578547652
