1 [54.0, 160.0, 23.0, 713.0, 0.3707426978316958, 0.8073684210526316]
2 [102.0, 112.0, 50.0, 686.0, 0.5568887740497684, 0.8294736842105264]
3 [121.0, 93.0, 54.0, 682.0, 0.6216101898684164, 0.8452631578947368]
4 [139.0, 75.0, 60.0, 676.0, 0.6726212567223266, 0.8578947368421053]
5 [144.0, 70.0, 57.0, 679.0, 0.6934734090804525, 0.8663157894736843]
6 [145.0, 69.0, 52.0, 684.0, 0.7050938817872574, 0.8726315789473684]
7 [147.0, 67.0, 72.0, 664.0, 0.678481132048665, 0.8536842105263158]
8 [149.0, 65.0, 69.0, 667.0, 0.6893120262022483, 0.8589473684210527]
9 [148.0, 66.0, 42.0, 694.0, 0.7321717433482959, 0.8863157894736842]
10 [174.0, 40.0, 86.0, 650.0, 0.733679160281894, 0.8673684210526316]
11 [180.0, 34.0, 99.0, 637.0, 0.729729183312125, 0.86]
12 [177.0, 37.0, 87.0, 649.0, 0.7400884761880444, 0.8694736842105263]
13 [178.0, 36.0, 88.0, 648.0, 0.7411697734037593, 0.8694736842105263]
14 [185.0, 29.0, 100.0, 636.0, 0.7409904398727665, 0.8642105263157894]
15 [183.0, 31.0, 100.0, 636.0, 0.7359255111510691, 0.8621052631578947]
16 [184.0, 30.0, 98.0, 638.0, 0.741442214090695, 0.8652631578947368]
17 [184.0, 30.0, 100.0, 636.0, 0.7384630592691278, 0.8631578947368421]
18 [180.0, 34.0, 91.0, 645.0, 0.741772213796974, 0.868421052631579]
19 [182.0, 32.0, 89.0, 647.0, 0.7500195988726492, 0.8726315789473684]
20 [179.0, 35.0, 88.0, 648.0, 0.7437860476851121, 0.8705263157894737]
21 [178.0, 36.0, 85.0, 651.0, 0.745833711569038, 0.8726315789473684]
22 [177.0, 37.0, 81.0, 655.0, 0.7495014943765922, 0.8757894736842106]
23 [176.0, 38.0, 78.0, 658.0, 0.7516375177606744, 0.8778947368421053]
24 [174.0, 40.0, 51.0, 685.0, 0.7922077234316371, 0.9042105263157895]
25 [172.0, 42.0, 49.0, 687.0, 0.7903014070808285, 0.9042105263157895]
26 [171.0, 43.0, 49.0, 687.0, 0.7875152142685554, 0.9031578947368422]
27 [170.0, 44.0, 45.0, 691.0, 0.7920374156862485, 0.9063157894736842]
28 [165.0, 49.0, 38.0, 698.0, 0.7908637741601117, 0.9084210526315789]
29 [163.0, 51.0, 37.0, 699.0, 0.7869366978183413, 0.9073684210526316]
30 [160.0, 54.0, 36.0, 700.0, 0.7799852802183248, 0.9052631578947369]
31 [159.0, 55.0, 34.0, 702.0, 0.7808245910825143, 0.9063157894736842]
32 [158.0, 56.0, 31.0, 705.0, 0.7836174556251404, 0.9084210526315789]
33 [157.0, 57.0, 31.0, 705.0, 0.7805930500426813, 0.9073684210526316]
34 [152.0, 62.0, 30.0, 706.0, 0.7671764766934838, 0.9031578947368422]
35 [154.0, 60.0, 30.0, 706.0, 0.7733686179593326, 0.9052631578947369]
36 [152.0, 62.0, 30.0, 706.0, 0.7671764766934838, 0.9031578947368422]
37 [151.0, 63.0, 29.0, 707.0, 0.7659976155371264, 0.9031578947368422]
38 [151.0, 63.0, 28.0, 708.0, 0.7679482121500582, 0.9042105263157895]
39 [150.0, 64.0, 27.0, 709.0, 0.7667642996208605, 0.9042105263157895]
40 [148.0, 66.0, 27.0, 709.0, 0.7604268851349072, 0.9021052631578947]
41 [150.0, 64.0, 26.0, 710.0, 0.7687318899610822, 0.9052631578947369]
42 [148.0, 66.0, 26.0, 710.0, 0.762388300127337, 0.9031578947368422]
43 [149.0, 65.0, 26.0, 710.0, 0.7655682447178548, 0.9042105263157895]
44 [146.0, 68.0, 24.0, 712.0, 0.7599195907705012, 0.9031578947368422]
45 [146.0, 68.0, 23.0, 713.0, 0.7619053285832829, 0.9042105263157895]
46 [143.0, 71.0, 21.0, 715.0, 0.7561188204033525, 0.9031578947368422]
47 [142.0, 72.0, 21.0, 715.0, 0.7528211231846635, 0.9021052631578947]
48 [139.0, 75.0, 21.0, 715.0, 0.7428222787436243, 0.8989473684210526]
49 [139.0, 75.0, 19.0, 717.0, 0.7468194601760851, 0.9010526315789473]
50 [133.0, 81.0, 18.0, 718.0, 0.7282783484516453, 0.8957894736842106]
[133.0, 81.0, 18.0, 718.0, 0.7282783484516453, 0.8957894736842106]
precious=0.621492422933	recall=0.880788868948	f_scores=0.728278348452
p_avg=0.632231437365	r_avg=0.858747427837	f_avg=0.72728515765
