1 [53.0, 174.0, 38.0, 685.0, 0.3329231879659639, 0.7768421052631579]
2 [93.0, 134.0, 44.0, 679.0, 0.5105172008608738, 0.8126315789473684]
3 [110.0, 117.0, 46.0, 677.0, 0.5739271210303535, 0.828421052631579]
4 [119.0, 108.0, 52.0, 671.0, 0.5974972447806383, 0.8315789473684211]
5 [146.0, 81.0, 57.0, 666.0, 0.6785685321706356, 0.8547368421052631]
6 [133.0, 94.0, 43.0, 680.0, 0.6595547260625385, 0.8557894736842105]
7 [140.0, 87.0, 45.0, 678.0, 0.6791139074162338, 0.8610526315789474]
8 [138.0, 89.0, 47.0, 676.0, 0.6694052218951325, 0.8568421052631578]
9 [138.0, 89.0, 42.0, 681.0, 0.6776363720827426, 0.8621052631578947]
10 [144.0, 83.0, 43.0, 680.0, 0.6951538332466813, 0.8673684210526316]
11 [152.0, 75.0, 60.0, 663.0, 0.6919807045716758, 0.8578947368421053]
12 [153.0, 74.0, 47.0, 676.0, 0.7161266230545971, 0.8726315789473684]
13 [150.0, 77.0, 43.0, 680.0, 0.7137859347435195, 0.8736842105263158]
14 [154.0, 73.0, 51.0, 672.0, 0.7124613075274696, 0.8694736842105263]
15 [153.0, 74.0, 43.0, 680.0, 0.7229038620343258, 0.8768421052631579]
16 [154.0, 73.0, 48.0, 675.0, 0.7174474144744252, 0.8726315789473684]
17 [154.0, 73.0, 50.0, 673.0, 0.714115624766495, 0.8705263157894737]
18 [161.0, 66.0, 55.0, 668.0, 0.7263596725172038, 0.8726315789473684]
19 [160.0, 67.0, 53.0, 670.0, 0.7267702705168185, 0.8736842105263158]
20 [162.0, 65.0, 53.0, 670.0, 0.732529066193626, 0.8757894736842106]
21 [162.0, 65.0, 51.0, 672.0, 0.7358611340561193, 0.8778947368421053]
22 [163.0, 64.0, 55.0, 668.0, 0.7320815224295544, 0.8747368421052631]
23 [164.0, 63.0, 54.0, 669.0, 0.736575882176326, 0.8768421052631579]
24 [165.0, 62.0, 56.0, 667.0, 0.7361042831742033, 0.8757894736842106]
25 [163.0, 64.0, 55.0, 668.0, 0.7320815224295544, 0.8747368421052631]
26 [164.0, 63.0, 55.0, 668.0, 0.7349232114705009, 0.8757894736842106]
27 [164.0, 63.0, 55.0, 668.0, 0.7349232114705009, 0.8757894736842106]
28 [165.0, 62.0, 56.0, 667.0, 0.7361042831742033, 0.8757894736842106]
29 [166.0, 61.0, 56.0, 667.0, 0.7389180415870276, 0.8768421052631579]
30 [168.0, 59.0, 57.0, 666.0, 0.7428598885179359, 0.8778947368421053]
31 [167.0, 60.0, 57.0, 666.0, 0.7400735719779745, 0.8768421052631579]
32 [167.0, 60.0, 59.0, 664.0, 0.736803929340414, 0.8747368421052631]
33 [166.0, 61.0, 58.0, 665.0, 0.7356390038736919, 0.8747368421052631]
34 [170.0, 57.0, 57.0, 666.0, 0.7483957129177802, 0.88]
35 [169.0, 58.0, 58.0, 665.0, 0.7439904479532832, 0.8778947368421053]
36 [168.0, 59.0, 56.0, 667.0, 0.7445081401064153, 0.8789473684210526]
37 [168.0, 59.0, 59.0, 664.0, 0.7395851830122542, 0.8757894736842106]
38 [169.0, 58.0, 58.0, 665.0, 0.7439904479532832, 0.8778947368421053]
39 [168.0, 59.0, 58.0, 665.0, 0.7412189188701577, 0.8768421052631579]
40 [168.0, 59.0, 58.0, 665.0, 0.7412189188701577, 0.8768421052631579]
41 [168.0, 59.0, 57.0, 666.0, 0.7428598885179359, 0.8778947368421053]
42 [170.0, 57.0, 55.0, 668.0, 0.7517094029317396, 0.8821052631578947]
43 [169.0, 58.0, 55.0, 668.0, 0.7489427082585861, 0.8810526315789474]
44 [168.0, 59.0, 53.0, 670.0, 0.749497074477469, 0.8821052631578947]
45 [169.0, 58.0, 53.0, 670.0, 0.7522810050246855, 0.8831578947368421]
46 [168.0, 59.0, 52.0, 671.0, 0.7511749439749225, 0.8831578947368421]
47 [169.0, 58.0, 52.0, 671.0, 0.753961338292927, 0.8842105263157894]
48 [169.0, 58.0, 53.0, 670.0, 0.7522810050246855, 0.8831578947368421]
49 [169.0, 58.0, 52.0, 671.0, 0.753961338292927, 0.8842105263157894]
50 [167.0, 60.0, 52.0, 671.0, 0.7483760598474308, 0.8821052631578947]
[167.0, 60.0, 52.0, 671.0, 0.7483760598474308, 0.8821052631578947]
precious=0.735679578504	recall=0.762553595646	f_scores=0.748376059847
p_avg=0.74570011311	r_avg=0.750473914527	f_avg=0.74708729625
