1 [51.0, 168.0, 16.0, 715.0, 0.3562824506303852, 0.8063157894736842]
2 [101.0, 118.0, 31.0, 700.0, 0.5750263964278904, 0.8431578947368421]
3 [123.0, 96.0, 37.0, 694.0, 0.6485855752960407, 0.86]
4 [134.0, 85.0, 46.0, 685.0, 0.6711809729873602, 0.8621052631578947]
5 [145.0, 74.0, 62.0, 669.0, 0.680248740843611, 0.8568421052631578]
6 [145.0, 74.0, 53.0, 678.0, 0.6949419350840691, 0.8663157894736843]
7 [144.0, 75.0, 44.0, 687.0, 0.7071164800528921, 0.8747368421052631]
8 [147.0, 72.0, 42.0, 689.0, 0.720087749239303, 0.88]
9 [162.0, 57.0, 85.0, 646.0, 0.6947781478006123, 0.8505263157894737]
10 [152.0, 67.0, 74.0, 657.0, 0.6826434863378226, 0.8515789473684211]
11 [166.0, 53.0, 87.0, 644.0, 0.7028897959707181, 0.8526315789473684]
12 [160.0, 59.0, 74.0, 657.0, 0.7058995483459823, 0.86]
13 [171.0, 48.0, 88.0, 643.0, 0.7149820235267486, 0.8568421052631578]
14 [169.0, 50.0, 83.0, 648.0, 0.7171218326280029, 0.86]
15 [167.0, 52.0, 85.0, 646.0, 0.70862930381312, 0.8557894736842105]
16 [175.0, 44.0, 94.0, 637.0, 0.7167157653076592, 0.8547368421052631]
17 [175.0, 44.0, 87.0, 644.0, 0.7271520358480987, 0.8621052631578947]
18 [174.0, 45.0, 89.0, 642.0, 0.7214932122866125, 0.8589473684210527]
19 [172.0, 47.0, 88.0, 643.0, 0.7176638466821013, 0.8578947368421053]
20 [170.0, 49.0, 82.0, 649.0, 0.7213680970718209, 0.8621052631578947]
21 [168.0, 51.0, 80.0, 651.0, 0.718985272726741, 0.8621052631578947]
22 [164.0, 55.0, 48.0, 683.0, 0.7605178102750104, 0.891578947368421]
23 [164.0, 55.0, 47.0, 684.0, 0.7622876501962332, 0.8926315789473684]
24 [164.0, 55.0, 45.0, 686.0, 0.7658521577045317, 0.8947368421052632]
25 [163.0, 56.0, 43.0, 688.0, 0.7665560067739462, 0.8957894736842106]
26 [159.0, 60.0, 43.0, 688.0, 0.7548419746812304, 0.891578947368421]
27 [157.0, 62.0, 40.0, 691.0, 0.7543057909641431, 0.8926315789473684]
28 [158.0, 61.0, 40.0, 691.0, 0.7572917265606636, 0.8936842105263157]
29 [155.0, 64.0, 39.0, 692.0, 0.7501038544973725, 0.891578947368421]
30 [156.0, 63.0, 39.0, 692.0, 0.7531215573234167, 0.8926315789473684]
31 [154.0, 65.0, 37.0, 694.0, 0.7507185091286904, 0.8926315789473684]
32 [152.0, 67.0, 35.0, 696.0, 0.7482682200260684, 0.8926315789473684]
33 [151.0, 68.0, 36.0, 695.0, 0.7433421380989639, 0.8905263157894737]
34 [153.0, 66.0, 35.0, 696.0, 0.751342286439049, 0.8936842105263157]
35 [152.0, 67.0, 36.0, 695.0, 0.7464283078318135, 0.891578947368421]
36 [154.0, 65.0, 34.0, 697.0, 0.756256265074311, 0.8957894736842106]
37 [153.0, 66.0, 33.0, 698.0, 0.7550554703090504, 0.8957894736842106]
38 [152.0, 67.0, 31.0, 700.0, 0.7557194780694569, 0.8968421052631579]
39 [153.0, 66.0, 31.0, 700.0, 0.7588055380681484, 0.8978947368421053]
40 [152.0, 67.0, 31.0, 700.0, 0.7557194780694569, 0.8968421052631579]
41 [153.0, 66.0, 33.0, 698.0, 0.7550554703090504, 0.8957894736842106]
42 [152.0, 67.0, 32.0, 699.0, 0.753842785671646, 0.8957894736842106]
43 [151.0, 68.0, 31.0, 700.0, 0.7526180336900536, 0.8957894736842106]
44 [145.0, 74.0, 28.0, 703.0, 0.7392993574705095, 0.8926315789473684]
45 [142.0, 77.0, 28.0, 703.0, 0.7295816320440189, 0.8894736842105263]
46 [142.0, 77.0, 28.0, 703.0, 0.7295816320440189, 0.8894736842105263]
47 [140.0, 79.0, 28.0, 703.0, 0.7230194895104395, 0.8873684210526316]
48 [140.0, 79.0, 27.0, 704.0, 0.72489424856491, 0.888421052631579]
49 [139.0, 80.0, 25.0, 706.0, 0.7253554146235001, 0.8894736842105263]
50 [138.0, 81.0, 26.0, 705.0, 0.7201335121677787, 0.8873684210526316]
[138.0, 81.0, 26.0, 705.0, 0.7201335121677787, 0.8873684210526316]
precious=0.630134108977	recall=0.841458283791	f_scores=0.720133512168
p_avg=0.629600407728	r_avg=0.836732011533	f_avg=0.717556569134
