1 [58.0, 150.0, 38.0, 704.0, 0.38114479197649426, 0.8021052631578948]
2 [109.0, 99.0, 75.0, 667.0, 0.5556219316150484, 0.8168421052631579]
3 [132.0, 76.0, 88.0, 654.0, 0.6163203449564217, 0.8273684210526315]
4 [143.0, 65.0, 96.0, 646.0, 0.639320957822526, 0.8305263157894737]
5 [150.0, 58.0, 104.0, 638.0, 0.6488531722003439, 0.8294736842105264]
6 [150.0, 58.0, 92.0, 650.0, 0.6661669284686559, 0.8421052631578947]
7 [148.0, 60.0, 85.0, 657.0, 0.6707007467029948, 0.8473684210526315]
8 [141.0, 67.0, 69.0, 673.0, 0.6741383021170018, 0.8568421052631578]
9 [141.0, 67.0, 62.0, 680.0, 0.6856284860274875, 0.8642105263157894]
10 [133.0, 75.0, 44.0, 698.0, 0.6904091003599699, 0.8747368421052631]
11 [136.0, 72.0, 47.0, 695.0, 0.6951510158502261, 0.8747368421052631]
12 [135.0, 73.0, 46.0, 696.0, 0.6935866002758234, 0.8747368421052631]
13 [135.0, 73.0, 47.0, 695.0, 0.6918067218825488, 0.8736842105263158]
14 [135.0, 73.0, 33.0, 709.0, 0.7175872854908429, 0.888421052631579]
15 [133.0, 75.0, 36.0, 706.0, 0.7050722459739366, 0.8831578947368421]
16 [132.0, 76.0, 33.0, 709.0, 0.7072779924058664, 0.8852631578947369]
17 [128.0, 80.0, 29.0, 713.0, 0.7008761239124425, 0.8852631578947369]
18 [124.0, 84.0, 27.0, 715.0, 0.6903168991018416, 0.8831578947368421]
19 [132.0, 76.0, 33.0, 709.0, 0.7072779924058664, 0.8852631578947369]
20 [130.0, 78.0, 29.0, 713.0, 0.7079522589705473, 0.8873684210526316]
21 [131.0, 77.0, 33.0, 709.0, 0.7038046285373603, 0.8842105263157894]
22 [130.0, 78.0, 33.0, 709.0, 0.7003125494970418, 0.8831578947368421]
23 [133.0, 75.0, 36.0, 706.0, 0.7050722459739366, 0.8831578947368421]
24 [132.0, 76.0, 36.0, 706.0, 0.7016299312855768, 0.8821052631578947]
25 [133.0, 75.0, 36.0, 706.0, 0.7050722459739366, 0.8831578947368421]
26 [136.0, 72.0, 35.0, 707.0, 0.7171794198700169, 0.8873684210526316]
27 [137.0, 71.0, 38.0, 704.0, 0.7149050199060554, 0.8852631578947369]
28 [138.0, 70.0, 37.0, 705.0, 0.7201269222611311, 0.8873684210526316]
29 [137.0, 71.0, 37.0, 705.0, 0.7167780352802298, 0.8863157894736842]
30 [138.0, 70.0, 39.0, 703.0, 0.7163829784821002, 0.8852631578947369]
31 [139.0, 69.0, 40.0, 702.0, 0.7178456923813836, 0.8852631578947369]
32 [137.0, 71.0, 39.0, 703.0, 0.7130417677864916, 0.8842105263157894]
33 [139.0, 69.0, 40.0, 702.0, 0.7178456923813836, 0.8852631578947369]
34 [137.0, 71.0, 41.0, 701.0, 0.7093442495437563, 0.8821052631578947]
35 [138.0, 70.0, 41.0, 701.0, 0.7126777629229167, 0.8831578947368421]
36 [139.0, 69.0, 41.0, 701.0, 0.715994101028906, 0.8842105263157894]
37 [138.0, 70.0, 42.0, 700.0, 0.7108394909224925, 0.8821052631578947]
38 [138.0, 70.0, 41.0, 701.0, 0.7126777629229167, 0.8831578947368421]
39 [138.0, 70.0, 42.0, 700.0, 0.7108394909224925, 0.8821052631578947]
40 [139.0, 69.0, 43.0, 699.0, 0.7123194269169648, 0.8821052631578947]
41 [138.0, 70.0, 43.0, 699.0, 0.7090106777551312, 0.8810526315789474]
42 [141.0, 67.0, 41.0, 701.0, 0.7225757796528518, 0.8863157894736842]
43 [141.0, 67.0, 43.0, 699.0, 0.7188863036554625, 0.8842105263157894]
44 [142.0, 66.0, 43.0, 699.0, 0.7221446887338697, 0.8852631578947369]
45 [143.0, 65.0, 42.0, 700.0, 0.7272337189602522, 0.8873684210526316]
46 [143.0, 65.0, 43.0, 699.0, 0.7253865411086545, 0.8863157894736842]
47 [145.0, 63.0, 42.0, 700.0, 0.733675249443437, 0.8894736842105263]
48 [145.0, 63.0, 42.0, 700.0, 0.733675249443437, 0.8894736842105263]
49 [145.0, 63.0, 39.0, 703.0, 0.7392943532959901, 0.8926315789473684]
50 [146.0, 62.0, 41.0, 701.0, 0.7387385126298701, 0.891578947368421]
[146.0, 62.0, 41.0, 701.0, 0.7387385126298701, 0.891578947368421]
precious=0.701919702309	recall=0.780744487997	f_scores=0.73873851263
p_avg=0.674629785116	r_avg=0.806518727561	f_avg=0.733251784555
