1 [58.0, 128.0, 28.0, 736.0, 0.42603547164039396, 0.8357894736842105]
2 [109.0, 77.0, 69.0, 695.0, 0.5983984664504848, 0.8463157894736842]
3 [140.0, 46.0, 101.0, 663.0, 0.6552432973576421, 0.8452631578947368]
4 [152.0, 34.0, 122.0, 642.0, 0.6603853412549575, 0.8357894736842105]
5 [156.0, 30.0, 121.0, 643.0, 0.6733828371579142, 0.8410526315789474]
6 [156.0, 30.0, 113.0, 651.0, 0.6852282500245807, 0.8494736842105263]
7 [154.0, 32.0, 93.0, 671.0, 0.7108233722930358, 0.868421052631579]
8 [149.0, 37.0, 81.0, 683.0, 0.7158486443969881, 0.8757894736842106]
9 [146.0, 40.0, 69.0, 695.0, 0.7276788738394433, 0.8852631578947369]
10 [142.0, 44.0, 59.0, 705.0, 0.7333474272775097, 0.891578947368421]
11 [138.0, 48.0, 54.0, 710.0, 0.7296553348669267, 0.8926315789473684]
12 [140.0, 46.0, 59.0, 705.0, 0.7267698620585765, 0.8894736842105263]
13 [137.0, 49.0, 52.0, 712.0, 0.7301631436756, 0.8936842105263157]
14 [134.0, 52.0, 40.0, 724.0, 0.7439411990665938, 0.9031578947368422]
15 [138.0, 48.0, 50.0, 714.0, 0.7374643209265456, 0.8968421052631579]
16 [138.0, 48.0, 44.0, 720.0, 0.749496316042665, 0.9031578947368422]
17 [141.0, 45.0, 45.0, 719.0, 0.7575607701068948, 0.9052631578947369]
18 [136.0, 50.0, 43.0, 721.0, 0.7447019150624913, 0.9021052631578947]
19 [139.0, 47.0, 43.0, 721.0, 0.754931066720313, 0.9052631578947369]
20 [138.0, 48.0, 41.0, 723.0, 0.7556607542716335, 0.9063157894736842]
21 [139.0, 47.0, 42.0, 722.0, 0.7569894825081812, 0.9063157894736842]
22 [137.0, 49.0, 41.0, 723.0, 0.7522436898878381, 0.9052631578947369]
23 [140.0, 46.0, 45.0, 719.0, 0.7542132472591203, 0.9042105263157895]
24 [138.0, 48.0, 42.0, 722.0, 0.7535947054190913, 0.9052631578947369]
25 [140.0, 46.0, 43.0, 721.0, 0.758303837574279, 0.9063157894736842]
26 [140.0, 46.0, 43.0, 721.0, 0.758303837574279, 0.9063157894736842]
27 [140.0, 46.0, 43.0, 721.0, 0.758303837574279, 0.9063157894736842]
28 [141.0, 45.0, 43.0, 721.0, 0.7616583847797666, 0.9073684210526316]
29 [142.0, 44.0, 44.0, 720.0, 0.7629370829685881, 0.9073684210526316]
30 [141.0, 45.0, 44.0, 720.0, 0.7596040514315131, 0.9063157894736842]
31 [140.0, 46.0, 45.0, 719.0, 0.7542132472591203, 0.9042105263157895]
32 [141.0, 45.0, 44.0, 720.0, 0.7596040514315131, 0.9063157894736842]
33 [142.0, 44.0, 44.0, 720.0, 0.7629370829685881, 0.9073684210526316]
34 [141.0, 45.0, 45.0, 719.0, 0.7575607701068948, 0.9052631578947369]
35 [142.0, 44.0, 45.0, 719.0, 0.760890351076847, 0.9063157894736842]
36 [142.0, 44.0, 45.0, 719.0, 0.760890351076847, 0.9063157894736842]
37 [142.0, 44.0, 44.0, 720.0, 0.7629370829685881, 0.9073684210526316]
38 [144.0, 42.0, 45.0, 719.0, 0.7674962612906568, 0.9084210526315789]
39 [144.0, 42.0, 45.0, 719.0, 0.7674962612906568, 0.9084210526315789]
40 [144.0, 42.0, 46.0, 718.0, 0.7654537552784346, 0.9073684210526316]
41 [143.0, 43.0, 45.0, 719.0, 0.7642021340292916, 0.9073684210526316]
42 [144.0, 42.0, 45.0, 719.0, 0.7674962612906568, 0.9084210526315789]
43 [144.0, 42.0, 45.0, 719.0, 0.7674962612906568, 0.9084210526315789]
44 [145.0, 41.0, 46.0, 718.0, 0.7687271010763187, 0.9084210526315789]
45 [144.0, 42.0, 45.0, 719.0, 0.7674962612906568, 0.9084210526315789]
46 [144.0, 42.0, 46.0, 718.0, 0.7654537552784346, 0.9073684210526316]
47 [144.0, 42.0, 45.0, 719.0, 0.7674962612906568, 0.9084210526315789]
48 [143.0, 43.0, 45.0, 719.0, 0.7642021340292916, 0.9073684210526316]
49 [141.0, 45.0, 45.0, 719.0, 0.7575607701068948, 0.9052631578947369]
50 [140.0, 46.0, 42.0, 722.0, 0.7603658174321434, 0.9073684210526316]
[140.0, 46.0, 42.0, 722.0, 0.7603658174321434, 0.9073684210526316]
precious=0.752684125354	recall=0.769226542711	f_scores=0.760365817432
p_avg=0.70644130196	r_avg=0.811565735046	f_avg=0.753944783825
