1 [93.0, 119.0, 70.0, 668.0, 0.4955063779670618, 0.8010526315789473]
2 [125.0, 87.0, 93.0, 645.0, 0.5808931714996921, 0.8105263157894737]
3 [138.0, 74.0, 92.0, 646.0, 0.6239327915904757, 0.8252631578947368]
4 [141.0, 71.0, 79.0, 659.0, 0.6522753095636503, 0.8421052631578947]
5 [145.0, 67.0, 66.0, 672.0, 0.6850763219050661, 0.86]
6 [139.0, 73.0, 69.0, 669.0, 0.6614020326894813, 0.8505263157894737]
7 [136.0, 76.0, 61.0, 677.0, 0.6645344699630622, 0.8557894736842105]
8 [132.0, 80.0, 57.0, 681.0, 0.6578528529988136, 0.8557894736842105]
9 [126.0, 86.0, 52.0, 686.0, 0.6456547134094631, 0.8547368421052631]
10 [117.0, 95.0, 41.0, 697.0, 0.6319400422397046, 0.8568421052631578]
11 [117.0, 95.0, 42.0, 696.0, 0.6302349467049359, 0.8557894736842105]
12 [118.0, 94.0, 43.0, 695.0, 0.6322141098209021, 0.8557894736842105]
13 [116.0, 96.0, 40.0, 698.0, 0.6299433127832482, 0.8568421052631578]
14 [116.0, 96.0, 39.0, 699.0, 0.6316615809251056, 0.8578947368421053]
15 [116.0, 96.0, 39.0, 699.0, 0.6316615809251056, 0.8578947368421053]
16 [119.0, 93.0, 40.0, 698.0, 0.6410165533593486, 0.86]
17 [121.0, 91.0, 40.0, 698.0, 0.6482998050358987, 0.8621052631578947]
18 [121.0, 91.0, 39.0, 699.0, 0.6500442758737777, 0.8631578947368421]
19 [126.0, 86.0, 42.0, 696.0, 0.6626614746536154, 0.8652631578947368]
20 [124.0, 88.0, 39.0, 699.0, 0.6608387079955216, 0.8663157894736843]
21 [126.0, 86.0, 42.0, 696.0, 0.6626614746536154, 0.8652631578947368]
22 [130.0, 82.0, 45.0, 693.0, 0.6713360887282326, 0.8663157894736843]
23 [127.0, 85.0, 42.0, 696.0, 0.6661699010853668, 0.8663157894736843]
24 [130.0, 82.0, 44.0, 694.0, 0.6730768489718226, 0.8673684210526316]
25 [131.0, 81.0, 45.0, 693.0, 0.6747589192288063, 0.8673684210526316]
26 [130.0, 82.0, 45.0, 693.0, 0.6713360887282326, 0.8663157894736843]
27 [132.0, 80.0, 45.0, 693.0, 0.6781641596348287, 0.868421052631579]
28 [133.0, 79.0, 43.0, 695.0, 0.6850681389750112, 0.871578947368421]
29 [135.0, 77.0, 44.0, 694.0, 0.6900374704584386, 0.8726315789473684]
30 [137.0, 75.0, 44.0, 694.0, 0.6967009346385802, 0.8747368421052631]
31 [135.0, 77.0, 42.0, 696.0, 0.6935882368156008, 0.8747368421052631]
32 [138.0, 74.0, 44.0, 694.0, 0.7000073096473098, 0.8757894736842106]
33 [138.0, 74.0, 43.0, 695.0, 0.7017899647018484, 0.8768421052631579]
34 [138.0, 74.0, 42.0, 696.0, 0.7035817224399504, 0.8778947368421053]
35 [139.0, 73.0, 42.0, 696.0, 0.7068789948019616, 0.8789473684210526]
36 [139.0, 73.0, 42.0, 696.0, 0.7068789948019616, 0.8789473684210526]
37 [140.0, 72.0, 42.0, 696.0, 0.7101595373447619, 0.88]
38 [139.0, 73.0, 45.0, 693.0, 0.7015195085165684, 0.8757894736842106]
39 [141.0, 71.0, 43.0, 695.0, 0.7116204626087415, 0.88]
40 [141.0, 71.0, 47.0, 691.0, 0.7044986268141273, 0.8757894736842106]
41 [141.0, 71.0, 47.0, 691.0, 0.7044986268141273, 0.8757894736842106]
42 [140.0, 72.0, 46.0, 692.0, 0.7030165385394873, 0.8757894736842106]
43 [140.0, 72.0, 47.0, 691.0, 0.7012531845338338, 0.8747368421052631]
44 [140.0, 72.0, 46.0, 692.0, 0.7030165385394873, 0.8757894736842106]
45 [140.0, 72.0, 47.0, 691.0, 0.7012531845338338, 0.8747368421052631]
46 [141.0, 71.0, 48.0, 690.0, 0.7027403856253058, 0.8747368421052631]
47 [143.0, 69.0, 50.0, 688.0, 0.7056708048985442, 0.8747368421052631]
48 [143.0, 69.0, 48.0, 690.0, 0.7091756051878945, 0.8768421052631579]
49 [142.0, 70.0, 50.0, 688.0, 0.7024683959975407, 0.8736842105263158]
50 [146.0, 66.0, 51.0, 687.0, 0.7134339607052513, 0.8768421052631579]
[146.0, 66.0, 51.0, 687.0, 0.7134339607052513, 0.8768421052631579]
precious=0.688675996811	recall=0.741112989274	f_scores=0.713433960705
p_avg=0.722435609573	r_avg=0.76158046462	f_avg=0.740919379507
