1 [147.0, 66.0, 178.0, 559.0, 0.5459884573084244, 0.7431578947368421]
2 [173.0, 40.0, 190.0, 547.0, 0.6002266282633348, 0.7578947368421053]
3 [172.0, 41.0, 146.0, 591.0, 0.6473517413875247, 0.8031578947368421]
4 [159.0, 54.0, 102.0, 635.0, 0.6703887373290645, 0.8357894736842105]
5 [166.0, 47.0, 110.0, 627.0, 0.6784424834136735, 0.8347368421052631]
6 [167.0, 46.0, 103.0, 634.0, 0.6910158384607028, 0.8431578947368421]
7 [173.0, 40.0, 119.0, 618.0, 0.6846583843595516, 0.8326315789473684]
8 [167.0, 46.0, 102.0, 635.0, 0.6924502828035634, 0.8442105263157895]
9 [162.0, 51.0, 85.0, 652.0, 0.7038478460882529, 0.8568421052631578]
10 [165.0, 48.0, 89.0, 648.0, 0.7061392913675236, 0.8557894736842105]
11 [168.0, 45.0, 87.0, 650.0, 0.7174500191193247, 0.8610526315789474]
12 [169.0, 44.0, 86.0, 651.0, 0.7217235031054653, 0.8631578947368421]
13 [167.0, 46.0, 85.0, 652.0, 0.7177803406095565, 0.8621052631578947]
14 [169.0, 44.0, 83.0, 654.0, 0.7263824500931744, 0.8663157894736843]
15 [167.0, 46.0, 84.0, 653.0, 0.7193281794363241, 0.8631578947368421]
16 [168.0, 45.0, 80.0, 657.0, 0.7283503842294715, 0.868421052631579]
17 [166.0, 47.0, 74.0, 663.0, 0.7323907112071231, 0.8726315789473684]
18 [167.0, 46.0, 73.0, 664.0, 0.7368057007270369, 0.8747368421052631]
19 [166.0, 47.0, 73.0, 664.0, 0.7340120165597256, 0.8736842105263158]
20 [165.0, 48.0, 71.0, 666.0, 0.7344649687755198, 0.8747368421052631]
21 [165.0, 48.0, 70.0, 667.0, 0.7361053977240223, 0.8757894736842106]
22 [165.0, 48.0, 69.0, 668.0, 0.7377531708783713, 0.8768421052631579]
23 [165.0, 48.0, 66.0, 671.0, 0.7427410521114933, 0.88]
24 [166.0, 47.0, 67.0, 670.0, 0.7438926204685817, 0.88]
25 [163.0, 50.0, 66.0, 671.0, 0.7370542167645048, 0.8778947368421053]
26 [164.0, 49.0, 65.0, 672.0, 0.7415790811091966, 0.88]
27 [164.0, 49.0, 66.0, 671.0, 0.7399040506008675, 0.8789473684210526]
28 [166.0, 47.0, 65.0, 672.0, 0.7472455343085892, 0.8821052631578947]
29 [165.0, 48.0, 63.0, 674.0, 0.7477968376505293, 0.8831578947368421]
30 [164.0, 49.0, 65.0, 672.0, 0.7415790811091966, 0.88]
31 [164.0, 49.0, 63.0, 674.0, 0.7449519976985091, 0.8821052631578947]
32 [163.0, 50.0, 61.0, 676.0, 0.74549266046799, 0.8831578947368421]
33 [163.0, 50.0, 59.0, 678.0, 0.7489223888504346, 0.8852631578947369]
34 [165.0, 48.0, 64.0, 673.0, 0.7461039454788247, 0.8821052631578947]
35 [163.0, 50.0, 60.0, 677.0, 0.7472035889932865, 0.8842105263157894]
36 [163.0, 50.0, 63.0, 674.0, 0.7420942021159154, 0.8810526315789474]
37 [165.0, 48.0, 62.0, 675.0, 0.7494974295571916, 0.8842105263157894]
38 [166.0, 47.0, 64.0, 673.0, 0.7489333511582577, 0.8831578947368421]
39 [168.0, 45.0, 63.0, 674.0, 0.7562544987747675, 0.8863157894736842]
40 [167.0, 46.0, 61.0, 676.0, 0.7568670873136095, 0.8873684210526316]
41 [167.0, 46.0, 67.0, 670.0, 0.7467016726693693, 0.8810526315789474]
42 [169.0, 44.0, 63.0, 674.0, 0.7590483873247756, 0.8873684210526316]
43 [169.0, 44.0, 63.0, 674.0, 0.7590483873247756, 0.8873684210526316]
44 [171.0, 42.0, 64.0, 673.0, 0.7628909805956949, 0.888421052631579]
45 [169.0, 44.0, 65.0, 672.0, 0.7556501745557419, 0.8852631578947369]
46 [171.0, 42.0, 68.0, 669.0, 0.7561358025989555, 0.8842105263157894]
47 [170.0, 43.0, 67.0, 670.0, 0.7550539485425632, 0.8842105263157894]
48 [170.0, 43.0, 63.0, 674.0, 0.761829751903855, 0.888421052631579]
49 [170.0, 43.0, 67.0, 670.0, 0.7550539485425632, 0.8842105263157894]
50 [170.0, 43.0, 63.0, 674.0, 0.761829751903855, 0.888421052631579]
[170.0, 43.0, 63.0, 674.0, 0.761829751903855, 0.888421052631579]
precious=0.798118318693	recall=0.72961060253	f_scores=0.761829751904
p_avg=0.793529538893	r_avg=0.747730262606	f_avg=0.769277029312
