1 [44.0, 153.0, 37.0, 716.0, 0.31613207757768413, 0.8]
2 [73.0, 124.0, 38.0, 715.0, 0.47356232550573624, 0.8294736842105264]
3 [95.0, 102.0, 42.0, 711.0, 0.5683754155292586, 0.848421052631579]
4 [109.0, 88.0, 48.0, 705.0, 0.6153225089925782, 0.8568421052631578]
5 [127.0, 70.0, 59.0, 694.0, 0.6626827039975569, 0.8642105263157894]
6 [115.0, 82.0, 51.0, 702.0, 0.6331093595101995, 0.86]
7 [113.0, 84.0, 43.0, 710.0, 0.6397301263236456, 0.8663157894736843]
8 [123.0, 74.0, 48.0, 705.0, 0.667977493679096, 0.871578947368421]
9 [122.0, 75.0, 47.0, 706.0, 0.6661663203506419, 0.871578947368421]
10 [122.0, 75.0, 42.0, 711.0, 0.6754010739843603, 0.8768421052631579]
11 [119.0, 78.0, 45.0, 708.0, 0.6587806766051055, 0.8705263157894737]
12 [121.0, 76.0, 47.0, 706.0, 0.662513594022062, 0.8705263157894737]
13 [121.0, 76.0, 44.0, 709.0, 0.6680088688131386, 0.8736842105263158]
14 [125.0, 72.0, 47.0, 706.0, 0.6770057633703483, 0.8747368421052631]
15 [127.0, 70.0, 44.0, 709.0, 0.6897164943223607, 0.88]
16 [128.0, 69.0, 47.0, 706.0, 0.687670452404726, 0.8778947368421053]
17 [129.0, 68.0, 43.0, 710.0, 0.6986858513444596, 0.8831578947368421]
18 [131.0, 66.0, 45.0, 708.0, 0.7019110406216035, 0.8831578947368421]
19 [133.0, 64.0, 43.0, 710.0, 0.71263483840034, 0.8873684210526316]
20 [132.0, 65.0, 42.0, 711.0, 0.7110887304838888, 0.8873684210526316]
21 [134.0, 63.0, 45.0, 708.0, 0.7122636609251314, 0.8863157894736842]
22 [136.0, 61.0, 46.0, 707.0, 0.7171754432742136, 0.8873684210526316]
23 [135.0, 62.0, 44.0, 709.0, 0.7175827789854703, 0.888421052631579]
24 [137.0, 60.0, 46.0, 707.0, 0.7205498607855799, 0.888421052631579]
25 [139.0, 58.0, 47.0, 706.0, 0.7253455297111971, 0.8894736842105263]
26 [138.0, 59.0, 47.0, 706.0, 0.7220101447315184, 0.888421052631579]
27 [138.0, 59.0, 45.0, 708.0, 0.7258129884774585, 0.8905263157894737]
28 [139.0, 58.0, 45.0, 708.0, 0.7291558861438772, 0.891578947368421]
29 [139.0, 58.0, 47.0, 706.0, 0.7253455297111971, 0.8894736842105263]
30 [140.0, 57.0, 46.0, 707.0, 0.7305674321048817, 0.891578947368421]
31 [139.0, 58.0, 47.0, 706.0, 0.7253455297111971, 0.8894736842105263]
32 [140.0, 57.0, 48.0, 705.0, 0.7267695656230465, 0.8894736842105263]
33 [139.0, 58.0, 46.0, 707.0, 0.7272457169333773, 0.8905263157894737]
34 [140.0, 57.0, 48.0, 705.0, 0.7267695656230465, 0.8894736842105263]
35 [142.0, 55.0, 47.0, 706.0, 0.7352480372104921, 0.8926315789473684]
36 [141.0, 56.0, 45.0, 708.0, 0.7357893345333342, 0.8936842105263157]
37 [141.0, 56.0, 48.0, 705.0, 0.7300667193109648, 0.8905263157894737]
38 [141.0, 56.0, 48.0, 705.0, 0.7300667193109648, 0.8905263157894737]
39 [142.0, 55.0, 48.0, 705.0, 0.733346840511173, 0.891578947368421]
40 [143.0, 54.0, 48.0, 705.0, 0.736610060863619, 0.8926315789473684]
41 [141.0, 56.0, 45.0, 708.0, 0.7357893345333342, 0.8936842105263157]
42 [141.0, 56.0, 47.0, 706.0, 0.7319643414000301, 0.891578947368421]
43 [141.0, 56.0, 48.0, 705.0, 0.7300667193109648, 0.8905263157894737]
44 [143.0, 54.0, 46.0, 707.0, 0.7404293551436265, 0.8947368421052632]
45 [144.0, 53.0, 46.0, 707.0, 0.7436826996864642, 0.8957894736842106]
46 [143.0, 54.0, 47.0, 706.0, 0.7385147700823191, 0.8936842105263157]
47 [143.0, 54.0, 47.0, 706.0, 0.7385147700823191, 0.8936842105263157]
48 [142.0, 55.0, 47.0, 706.0, 0.7352480372104921, 0.8926315789473684]
49 [143.0, 54.0, 46.0, 707.0, 0.7404293551436265, 0.8947368421052632]
50 [144.0, 53.0, 48.0, 705.0, 0.7398565106551875, 0.8936842105263157]
[144.0, 53.0, 48.0, 705.0, 0.7398565106551875, 0.8936842105263157]
precious=0.730960756544	recall=0.74999609377	f_scores=0.739856510655
p_avg=0.730960756544	r_avg=0.74999609377	f_avg=0.739856510655
