1 [152.0, 54.0, 195.0, 549.0, 0.549259666672541, 0.7378947368421053]
2 [163.0, 43.0, 180.0, 564.0, 0.5933362644056146, 0.7652631578947369]
3 [145.0, 61.0, 106.0, 638.0, 0.6340757610647313, 0.8242105263157895]
4 [149.0, 57.0, 93.0, 651.0, 0.6646792012266529, 0.8421052631578947]
5 [162.0, 44.0, 117.0, 627.0, 0.6675501668791171, 0.8305263157894737]
6 [163.0, 43.0, 114.0, 630.0, 0.6744566037757282, 0.8347368421052631]
7 [153.0, 53.0, 87.0, 657.0, 0.6855988436669477, 0.8526315789473684]
8 [156.0, 50.0, 90.0, 654.0, 0.6897667044403614, 0.8526315789473684]
9 [151.0, 55.0, 86.0, 658.0, 0.6812153091859012, 0.8515789473684211]
10 [157.0, 49.0, 89.0, 655.0, 0.6941914613551979, 0.8547368421052631]
11 [153.0, 53.0, 76.0, 668.0, 0.7029467925851627, 0.8642105263157894]
12 [155.0, 51.0, 81.0, 663.0, 0.700856948812479, 0.8610526315789474]
13 [156.0, 50.0, 79.0, 665.0, 0.7069822968886431, 0.8642105263157894]
14 [152.0, 54.0, 72.0, 672.0, 0.7064746842117947, 0.8673684210526316]
15 [153.0, 53.0, 71.0, 673.0, 0.7111258230693664, 0.8694736842105263]
16 [153.0, 53.0, 72.0, 672.0, 0.709474825785054, 0.868421052631579]
17 [151.0, 55.0, 70.0, 674.0, 0.7067576098526525, 0.868421052631579]
18 [153.0, 53.0, 69.0, 675.0, 0.7144509773398006, 0.871578947368421]
19 [152.0, 54.0, 73.0, 671.0, 0.7048344783926717, 0.8663157894736843]
20 [151.0, 55.0, 70.0, 674.0, 0.7067576098526525, 0.868421052631579]
21 [154.0, 52.0, 73.0, 671.0, 0.7108146373419644, 0.868421052631579]
22 [151.0, 55.0, 69.0, 675.0, 0.7084177511980874, 0.8694736842105263]
23 [153.0, 53.0, 71.0, 673.0, 0.7111258230693664, 0.8694736842105263]
24 [153.0, 53.0, 72.0, 672.0, 0.709474825785054, 0.868421052631579]
25 [150.0, 56.0, 70.0, 674.0, 0.7037229399013306, 0.8673684210526316]
26 [151.0, 55.0, 72.0, 672.0, 0.7034605610131905, 0.8663157894736843]
27 [151.0, 55.0, 66.0, 678.0, 0.7134453024880427, 0.8726315789473684]
28 [151.0, 55.0, 69.0, 675.0, 0.7084177511980874, 0.8694736842105263]
29 [150.0, 56.0, 69.0, 675.0, 0.7053798522290781, 0.868421052631579]
30 [150.0, 56.0, 67.0, 677.0, 0.7087171947834874, 0.8705263157894737]
31 [150.0, 56.0, 65.0, 679.0, 0.712086267198046, 0.8726315789473684]
32 [150.0, 56.0, 65.0, 679.0, 0.712086267198046, 0.8726315789473684]
33 [152.0, 54.0, 65.0, 679.0, 0.7181734102232086, 0.8747368421052631]
34 [151.0, 55.0, 62.0, 682.0, 0.7202607687405689, 0.8768421052631579]
35 [152.0, 54.0, 63.0, 681.0, 0.7215874051048214, 0.8768421052631579]
36 [151.0, 55.0, 63.0, 681.0, 0.718544723622009, 0.8757894736842106]
37 [150.0, 56.0, 63.0, 681.0, 0.7154875241426959, 0.8747368421052631]
38 [151.0, 55.0, 65.0, 679.0, 0.7151370482521554, 0.8736842105263158]
39 [149.0, 57.0, 64.0, 680.0, 0.7107142795757792, 0.8726315789473684]
40 [150.0, 56.0, 68.0, 676.0, 0.7070445853553088, 0.8694736842105263]
41 [150.0, 56.0, 68.0, 676.0, 0.7070445853553088, 0.8694736842105263]
42 [149.0, 57.0, 67.0, 677.0, 0.705658424866058, 0.8694736842105263]
43 [151.0, 55.0, 67.0, 677.0, 0.7117615419046434, 0.871578947368421]
44 [149.0, 57.0, 67.0, 677.0, 0.705658424866058, 0.8694736842105263]
45 [149.0, 57.0, 68.0, 676.0, 0.7039890871101584, 0.868421052631579]
46 [149.0, 57.0, 68.0, 676.0, 0.7039890871101584, 0.868421052631579]
47 [152.0, 54.0, 68.0, 676.0, 0.7131125625256465, 0.871578947368421]
48 [151.0, 55.0, 69.0, 675.0, 0.7084177511980874, 0.8694736842105263]
49 [152.0, 54.0, 67.0, 677.0, 0.714791567999651, 0.8726315789473684]
50 [151.0, 55.0, 70.0, 674.0, 0.7067576098526525, 0.868421052631579]
[151.0, 55.0, 70.0, 674.0, 0.7067576098526525, 0.868421052631579]
precious=0.733006150456	recall=0.683254826901	f_scores=0.706757609853
p_avg=0.77335507608	r_avg=0.726238450705	f_avg=0.748437222826
