1 [82.0, 140.0, 37.0, 691.0, 0.4804816419836947, 0.8136842105263158]
2 [122.0, 100.0, 62.0, 666.0, 0.6004870496317167, 0.8294736842105264]
3 [147.0, 75.0, 75.0, 653.0, 0.6616595567309997, 0.8421052631578947]
4 [168.0, 54.0, 100.0, 628.0, 0.6852162512815437, 0.8378947368421052]
5 [180.0, 42.0, 115.0, 613.0, 0.6958325710879834, 0.8347368421052631]
6 [184.0, 38.0, 107.0, 621.0, 0.7168555124333589, 0.8473684210526315]
7 [184.0, 38.0, 84.0, 644.0, 0.750522076072332, 0.871578947368421]
8 [183.0, 39.0, 81.0, 647.0, 0.7525873816141411, 0.8736842105263158]
9 [174.0, 48.0, 69.0, 659.0, 0.7478852301513632, 0.8768421052631579]
10 [175.0, 47.0, 60.0, 668.0, 0.7653617111992093, 0.8873684210526316]
11 [178.0, 44.0, 75.0, 653.0, 0.7489729886809091, 0.8747368421052631]
12 [173.0, 49.0, 60.0, 668.0, 0.7599368382542896, 0.8852631578947369]
13 [160.0, 62.0, 41.0, 687.0, 0.7559991661596639, 0.891578947368421]
14 [161.0, 61.0, 40.0, 688.0, 0.7607272741524176, 0.8936842105263157]
15 [157.0, 65.0, 39.0, 689.0, 0.7506948425020771, 0.8905263157894737]
16 [147.0, 75.0, 31.0, 697.0, 0.7345027066912383, 0.888421052631579]
17 [147.0, 75.0, 30.0, 698.0, 0.7363451021481208, 0.8894736842105263]
18 [147.0, 75.0, 29.0, 699.0, 0.7381967636208295, 0.8905263157894737]
19 [148.0, 74.0, 24.0, 704.0, 0.7507735961074263, 0.8968421052631579]
20 [153.0, 69.0, 30.0, 698.0, 0.7550567854411292, 0.8957894736842106]
21 [155.0, 67.0, 30.0, 698.0, 0.7611714736406944, 0.8978947368421053]
22 [157.0, 65.0, 23.0, 705.0, 0.7805964119894636, 0.9073684210526316]
23 [154.0, 68.0, 24.0, 704.0, 0.7695025166229909, 0.9031578947368422]
24 [157.0, 65.0, 24.0, 704.0, 0.7786579499906315, 0.9063157894736842]
25 [159.0, 63.0, 26.0, 702.0, 0.7808273885964682, 0.9063157894736842]
26 [159.0, 63.0, 26.0, 702.0, 0.7808273885964682, 0.9063157894736842]
27 [159.0, 63.0, 25.0, 703.0, 0.78275206665158, 0.9073684210526316]
28 [159.0, 63.0, 25.0, 703.0, 0.78275206665158, 0.9073684210526316]
29 [160.0, 62.0, 25.0, 703.0, 0.7857413673987385, 0.9084210526315789]
30 [162.0, 60.0, 25.0, 703.0, 0.7916761376732726, 0.9105263157894737]
31 [159.0, 63.0, 24.0, 704.0, 0.784686256512379, 0.9084210526315789]
32 [159.0, 63.0, 25.0, 703.0, 0.78275206665158, 0.9073684210526316]
33 [159.0, 63.0, 25.0, 703.0, 0.78275206665158, 0.9073684210526316]
34 [157.0, 65.0, 25.0, 703.0, 0.776729091742497, 0.9052631578947369]
35 [160.0, 62.0, 24.0, 704.0, 0.787678148801909, 0.9094736842105263]
36 [161.0, 61.0, 25.0, 703.0, 0.7887160219471709, 0.9094736842105263]
37 [161.0, 61.0, 25.0, 703.0, 0.7887160219471709, 0.9094736842105263]
38 [159.0, 63.0, 24.0, 704.0, 0.784686256512379, 0.9084210526315789]
39 [161.0, 61.0, 26.0, 702.0, 0.7867861879640389, 0.9084210526315789]
40 [159.0, 63.0, 25.0, 703.0, 0.78275206665158, 0.9073684210526316]
41 [159.0, 63.0, 24.0, 704.0, 0.784686256512379, 0.9084210526315789]
42 [158.0, 64.0, 24.0, 704.0, 0.7816795602911647, 0.9073684210526316]
43 [160.0, 62.0, 26.0, 702.0, 0.7838140871386192, 0.9073684210526316]
44 [160.0, 62.0, 26.0, 702.0, 0.7838140871386192, 0.9073684210526316]
45 [161.0, 61.0, 27.0, 701.0, 0.7848657747833421, 0.9073684210526316]
46 [159.0, 63.0, 24.0, 704.0, 0.784686256512379, 0.9084210526315789]
47 [160.0, 62.0, 24.0, 704.0, 0.787678148801909, 0.9094736842105263]
48 [159.0, 63.0, 23.0, 705.0, 0.7866300288648927, 0.9094736842105263]
49 [159.0, 63.0, 23.0, 705.0, 0.7866300288648927, 0.9094736842105263]
50 [158.0, 64.0, 23.0, 705.0, 0.7836207025314721, 0.9084210526315789]
[158.0, 64.0, 23.0, 705.0, 0.7836207025314721, 0.9084210526315789]
precious=0.711708505818	recall=0.872923354015	f_scores=0.783620702531
p_avg=0.698734164727	r_avg=0.818622267102	f_avg=0.752874611558
