1 [59.0, 152.0, 27.0, 712.0, 0.39689271435185436, 0.8115789473684211]
2 [91.0, 120.0, 43.0, 696.0, 0.5270585074462939, 0.828421052631579]
3 [106.0, 105.0, 40.0, 699.0, 0.5933511765070594, 0.8473684210526315]
4 [114.0, 97.0, 34.0, 705.0, 0.6346097221510653, 0.8621052631578947]
5 [125.0, 86.0, 39.0, 700.0, 0.6661713283137716, 0.868421052631579]
6 [126.0, 85.0, 31.0, 708.0, 0.684290002419553, 0.8778947368421053]
7 [134.0, 77.0, 36.0, 703.0, 0.702914518105018, 0.8810526315789474]
8 [147.0, 64.0, 68.0, 671.0, 0.689638010990861, 0.8610526315789474]
9 [155.0, 56.0, 78.0, 661.0, 0.6976966367990358, 0.8589473684210527]
10 [160.0, 51.0, 83.0, 656.0, 0.7043455448861387, 0.8589473684210527]
11 [156.0, 55.0, 76.0, 663.0, 0.7037872361205839, 0.8621052631578947]
12 [159.0, 52.0, 75.0, 664.0, 0.7141052132847702, 0.8663157894736843]
13 [158.0, 53.0, 71.0, 668.0, 0.7176797372008262, 0.8694736842105263]
14 [155.0, 56.0, 71.0, 668.0, 0.7088798448834986, 0.8663157894736843]
15 [155.0, 56.0, 69.0, 670.0, 0.7121411981439728, 0.868421052631579]
16 [161.0, 50.0, 71.0, 668.0, 0.7263604866817271, 0.8726315789473684]
17 [151.0, 60.0, 66.0, 673.0, 0.7051046315969679, 0.8673684210526316]
18 [154.0, 57.0, 64.0, 675.0, 0.717445851793689, 0.8726315789473684]
19 [154.0, 57.0, 65.0, 674.0, 0.7157762598600963, 0.871578947368421]
20 [152.0, 59.0, 65.0, 674.0, 0.7097775046306042, 0.8694736842105263]
21 [149.0, 62.0, 64.0, 675.0, 0.7023272400206847, 0.8673684210526316]
22 [148.0, 63.0, 37.0, 702.0, 0.7469734591024743, 0.8947368421052632]
23 [145.0, 66.0, 36.0, 703.0, 0.7392954061166905, 0.8926315789473684]
24 [149.0, 62.0, 32.0, 707.0, 0.7597034563050569, 0.9010526315789473]
25 [148.0, 63.0, 31.0, 708.0, 0.7584741577508581, 0.9010526315789473]
26 [144.0, 67.0, 30.0, 709.0, 0.7475530078606509, 0.8978947368421053]
27 [143.0, 68.0, 31.0, 708.0, 0.7423582319427745, 0.8957894736842106]
28 [141.0, 70.0, 29.0, 710.0, 0.7396597148262043, 0.8957894736842106]
29 [142.0, 69.0, 30.0, 709.0, 0.7410160025536119, 0.8957894736842106]
30 [140.0, 71.0, 30.0, 709.0, 0.7344104009035666, 0.8936842105263157]
31 [141.0, 70.0, 30.0, 709.0, 0.737721843577875, 0.8947368421052632]
32 [141.0, 70.0, 29.0, 710.0, 0.7396597148262043, 0.8957894736842106]
33 [139.0, 72.0, 29.0, 710.0, 0.7330121320923395, 0.8936842105263157]
34 [138.0, 73.0, 28.0, 711.0, 0.7315990622782816, 0.8936842105263157]
35 [136.0, 75.0, 29.0, 710.0, 0.7229082260493273, 0.8905263157894737]
36 [136.0, 75.0, 29.0, 710.0, 0.7229082260493273, 0.8905263157894737]
37 [137.0, 74.0, 29.0, 710.0, 0.7262940530525984, 0.891578947368421]
38 [134.0, 77.0, 29.0, 710.0, 0.7160822811923557, 0.888421052631579]
39 [136.0, 75.0, 29.0, 710.0, 0.7229082260493273, 0.8905263157894737]
40 [135.0, 76.0, 28.0, 711.0, 0.7214298436821739, 0.8905263157894737]
41 [137.0, 74.0, 27.0, 712.0, 0.7301709552040789, 0.8936842105263157]
42 [137.0, 74.0, 28.0, 711.0, 0.7282273442480096, 0.8926315789473684]
43 [139.0, 72.0, 29.0, 710.0, 0.7330121320923395, 0.8936842105263157]
44 [138.0, 73.0, 28.0, 711.0, 0.7315990622782816, 0.8936842105263157]
45 [142.0, 69.0, 28.0, 711.0, 0.7449090287819735, 0.8978947368421053]
46 [143.0, 68.0, 28.0, 711.0, 0.7481929883166152, 0.8989473684210526]
47 [142.0, 69.0, 27.0, 712.0, 0.7468709216947708, 0.8989473684210526]
48 [144.0, 67.0, 28.0, 711.0, 0.7514598076665525, 0.9]
49 [144.0, 67.0, 28.0, 711.0, 0.7514598076665525, 0.9]
50 [144.0, 67.0, 29.0, 710.0, 0.7495013167181599, 0.8989473684210526]
[144.0, 67.0, 29.0, 710.0, 0.7495013167181599, 0.8989473684210526]
precious=0.682461220563	recall=0.832365130837	f_scores=0.749501316718
p_avg=0.635709149814	r_avg=0.847588557922	f_avg=0.725394136721
