1 [59.0, 154.0, 18.0, 719.0, 0.4065040818927308, 0.8189473684210526]
2 [124.0, 89.0, 70.0, 667.0, 0.6088351128747185, 0.8326315789473684]
3 [153.0, 60.0, 116.0, 621.0, 0.6343592696177476, 0.8147368421052632]
4 [174.0, 39.0, 121.0, 616.0, 0.6845500466857651, 0.8315789473684211]
5 [173.0, 40.0, 120.0, 617.0, 0.683304609124056, 0.8315789473684211]
6 [174.0, 39.0, 104.0, 633.0, 0.7082638532740249, 0.8494736842105263]
7 [172.0, 41.0, 88.0, 649.0, 0.726774925638901, 0.8642105263157894]
8 [172.0, 41.0, 85.0, 652.0, 0.7314164965180953, 0.8673684210526316]
9 [162.0, 51.0, 69.0, 668.0, 0.7292276056695058, 0.8736842105263158]
10 [164.0, 49.0, 69.0, 668.0, 0.7349240548946293, 0.8757894736842106]
11 [155.0, 58.0, 56.0, 681.0, 0.7306289795648255, 0.88]
12 [150.0, 63.0, 54.0, 683.0, 0.718921589813133, 0.8768421052631579]
13 [147.0, 66.0, 52.0, 685.0, 0.7130896956097356, 0.8757894736842106]
14 [146.0, 67.0, 51.0, 686.0, 0.7116927590053292, 0.8757894736842106]
15 [147.0, 66.0, 49.0, 688.0, 0.7183241009987947, 0.8789473684210526]
16 [143.0, 70.0, 49.0, 688.0, 0.7056710484172772, 0.8747368421052631]
17 [145.0, 68.0, 50.0, 687.0, 0.710282152791813, 0.8757894736842106]
18 [143.0, 70.0, 49.0, 688.0, 0.7056710484172772, 0.8747368421052631]
19 [146.0, 67.0, 49.0, 688.0, 0.715184087150667, 0.8778947368421053]
20 [143.0, 70.0, 46.0, 691.0, 0.710941377342992, 0.8778947368421053]
21 [149.0, 64.0, 49.0, 688.0, 0.724558308622316, 0.8810526315789474]
22 [148.0, 65.0, 49.0, 688.0, 0.7214488042531962, 0.88]
23 [151.0, 62.0, 46.0, 691.0, 0.736082872359405, 0.8863157894736842]
24 [153.0, 60.0, 48.0, 689.0, 0.738627621637934, 0.8863157894736842]
25 [151.0, 62.0, 46.0, 691.0, 0.736082872359405, 0.8863157894736842]
26 [151.0, 62.0, 47.0, 690.0, 0.734290616811945, 0.8852631578947369]
27 [152.0, 61.0, 44.0, 693.0, 0.742773847805251, 0.8894736842105263]
28 [154.0, 59.0, 46.0, 691.0, 0.7452599301770835, 0.8894736842105263]
29 [154.0, 59.0, 43.0, 694.0, 0.750716940732301, 0.8926315789473684]
30 [156.0, 57.0, 47.0, 690.0, 0.7494970158972688, 0.8905263157894737]
31 [154.0, 59.0, 47.0, 690.0, 0.7434585139849722, 0.888421052631579]
32 [156.0, 57.0, 47.0, 690.0, 0.7494970158972688, 0.8905263157894737]
33 [155.0, 58.0, 48.0, 689.0, 0.7446893488485652, 0.888421052631579]
34 [154.0, 59.0, 45.0, 692.0, 0.7470700973143604, 0.8905263157894737]
35 [154.0, 59.0, 47.0, 690.0, 0.7434585139849722, 0.888421052631579]
36 [156.0, 57.0, 48.0, 689.0, 0.7476984168771568, 0.8894736842105263]
37 [155.0, 58.0, 48.0, 689.0, 0.7446893488485652, 0.888421052631579]
38 [154.0, 59.0, 47.0, 690.0, 0.7434585139849722, 0.888421052631579]
39 [154.0, 59.0, 47.0, 690.0, 0.7434585139849722, 0.888421052631579]
40 [155.0, 58.0, 48.0, 689.0, 0.7446893488485652, 0.888421052631579]
41 [155.0, 58.0, 47.0, 690.0, 0.746485037149445, 0.8894736842105263]
42 [156.0, 57.0, 47.0, 690.0, 0.7494970158972688, 0.8905263157894737]
43 [155.0, 58.0, 48.0, 689.0, 0.7446893488485652, 0.888421052631579]
44 [156.0, 57.0, 48.0, 689.0, 0.7476984168771568, 0.8894736842105263]
45 [155.0, 58.0, 48.0, 689.0, 0.7446893488485652, 0.888421052631579]
46 [156.0, 57.0, 48.0, 689.0, 0.7476984168771568, 0.8894736842105263]
47 [158.0, 55.0, 49.0, 688.0, 0.7518778035953334, 0.8905263157894737]
48 [158.0, 55.0, 48.0, 689.0, 0.7536734817431181, 0.891578947368421]
49 [158.0, 55.0, 50.0, 687.0, 0.7500906617589735, 0.8894736842105263]
50 [158.0, 55.0, 48.0, 689.0, 0.7536734817431181, 0.891578947368421]
[158.0, 55.0, 48.0, 689.0, 0.7536734817431181, 0.891578947368421]
precious=0.741780555021	recall=0.766986568026	f_scores=0.753673481743
p_avg=0.710858708592	r_avg=0.805993339169	f_avg=0.753910871065
