1 [55.0, 156.0, 33.0, 706.0, 0.36747559628683396, 0.8010526315789473]
2 [87.0, 124.0, 43.0, 696.0, 0.5097895842005923, 0.8242105263157895]
3 [100.0, 111.0, 43.0, 696.0, 0.5644874187514449, 0.8378947368421052]
4 [118.0, 93.0, 47.0, 692.0, 0.6271641055517935, 0.8526315789473684]
5 [146.0, 65.0, 64.0, 675.0, 0.6930837664084485, 0.8642105263157894]
6 [145.0, 66.0, 50.0, 689.0, 0.713783320847697, 0.8778947368421053]
7 [142.0, 69.0, 39.0, 700.0, 0.7239893688062413, 0.8863157894736842]
8 [140.0, 71.0, 38.0, 701.0, 0.7192945841299923, 0.8852631578947369]
9 [138.0, 73.0, 41.0, 698.0, 0.7071923929692261, 0.88]
10 [136.0, 75.0, 35.0, 704.0, 0.7115439823259931, 0.8842105263157894]
11 [140.0, 71.0, 42.0, 697.0, 0.7119676370058406, 0.8810526315789474]
12 [146.0, 65.0, 43.0, 696.0, 0.7294982026695299, 0.8863157894736842]
13 [150.0, 61.0, 47.0, 692.0, 0.7347914409631627, 0.8863157894736842]
14 [149.0, 62.0, 47.0, 692.0, 0.7316841536610528, 0.8852631578947369]
15 [152.0, 59.0, 51.0, 688.0, 0.7337964962615733, 0.8842105263157894]
16 [160.0, 51.0, 59.0, 680.0, 0.743683093743412, 0.8842105263157894]
17 [169.0, 42.0, 66.0, 673.0, 0.7573459108222595, 0.8863157894736842]
18 [170.0, 41.0, 65.0, 674.0, 0.7618301937193556, 0.888421052631579]
19 [171.0, 40.0, 69.0, 670.0, 0.7578138871465707, 0.8852631578947369]
20 [171.0, 40.0, 66.0, 673.0, 0.7628914582836093, 0.888421052631579]
21 [173.0, 38.0, 68.0, 671.0, 0.7649858646594794, 0.888421052631579]
22 [175.0, 36.0, 73.0, 666.0, 0.7620274829316247, 0.8852631578947369]
23 [176.0, 35.0, 72.0, 667.0, 0.7663847605842872, 0.8873684210526316]
24 [176.0, 35.0, 71.0, 668.0, 0.7680590060569598, 0.888421052631579]
25 [173.0, 38.0, 70.0, 669.0, 0.7616139887161386, 0.8863157894736842]
26 [174.0, 37.0, 75.0, 664.0, 0.7560221877409543, 0.8821052631578947]
27 [175.0, 36.0, 78.0, 661.0, 0.7538115159611276, 0.88]
28 [176.0, 35.0, 77.0, 662.0, 0.7581218403597544, 0.8821052631578947]
29 [175.0, 36.0, 75.0, 664.0, 0.7587196979766583, 0.8831578947368421]
30 [176.0, 35.0, 78.0, 661.0, 0.7564905914807319, 0.8810526315789474]
31 [174.0, 37.0, 75.0, 664.0, 0.7560221877409543, 0.8821052631578947]
32 [176.0, 35.0, 75.0, 664.0, 0.761405534668439, 0.8842105263157894]
33 [175.0, 36.0, 73.0, 666.0, 0.7620274829316247, 0.8852631578947369]
34 [174.0, 37.0, 74.0, 665.0, 0.7576702053000555, 0.8831578947368421]
35 [173.0, 38.0, 75.0, 664.0, 0.7533129276899452, 0.8810526315789474]
36 [174.0, 37.0, 76.0, 663.0, 0.7543813238673392, 0.8810526315789474]
37 [172.0, 39.0, 73.0, 666.0, 0.7538857633999614, 0.8821052631578947]
38 [174.0, 37.0, 75.0, 664.0, 0.7560221877409543, 0.8821052631578947]
39 [172.0, 39.0, 73.0, 666.0, 0.7538857633999614, 0.8821052631578947]
40 [172.0, 39.0, 70.0, 669.0, 0.7588812132114033, 0.8852631578947369]
41 [174.0, 37.0, 75.0, 664.0, 0.7560221877409543, 0.8821052631578947]
42 [172.0, 39.0, 72.0, 667.0, 0.7555435898677646, 0.8831578947368421]
43 [172.0, 39.0, 72.0, 667.0, 0.7555435898677646, 0.8831578947368421]
44 [171.0, 40.0, 71.0, 668.0, 0.754466223570861, 0.8831578947368421]
45 [171.0, 40.0, 71.0, 668.0, 0.754466223570861, 0.8831578947368421]
46 [169.0, 42.0, 69.0, 670.0, 0.7522827487194429, 0.8831578947368421]
47 [167.0, 44.0, 68.0, 671.0, 0.7483773450972456, 0.8821052631578947]
48 [167.0, 44.0, 68.0, 671.0, 0.7483773450972456, 0.8821052631578947]
49 [166.0, 45.0, 66.0, 673.0, 0.7489337379026194, 0.8831578947368421]
50 [164.0, 47.0, 65.0, 674.0, 0.7449523278315994, 0.8821052631578947]
[164.0, 47.0, 65.0, 674.0, 0.7449523278315994, 0.8821052631578947]
precious=0.777247501197	recall=0.71615407793	f_scores=0.744952327832
p_avg=0.749040291312	r_avg=0.746447354155	f_avg=0.746657708384
