1 [61.0, 158.0, 20.0, 711.0, 0.4062701359137158, 0.8126315789473684]
2 [124.0, 95.0, 52.0, 679.0, 0.6273512360768831, 0.8452631578947368]
3 [149.0, 70.0, 77.0, 654.0, 0.669160408222257, 0.8452631578947368]
4 [165.0, 54.0, 89.0, 642.0, 0.6971745604527009, 0.8494736842105263]
5 [171.0, 48.0, 82.0, 649.0, 0.7240761366054084, 0.8631578947368421]
6 [169.0, 50.0, 84.0, 647.0, 0.7156016002786556, 0.8589473684210527]
7 [159.0, 60.0, 68.0, 663.0, 0.7125017980196685, 0.8652631578947368]
8 [159.0, 60.0, 58.0, 673.0, 0.7288548055430529, 0.8757894736842106]
9 [158.0, 61.0, 57.0, 674.0, 0.7276076292799112, 0.8757894736842106]
10 [157.0, 62.0, 54.0, 677.0, 0.7297296766770474, 0.8778947368421053]
11 [156.0, 63.0, 54.0, 677.0, 0.7267699000105299, 0.8768421052631579]
12 [157.0, 62.0, 49.0, 682.0, 0.7383208579434731, 0.8831578947368421]
13 [155.0, 64.0, 49.0, 682.0, 0.7323580238260046, 0.8810526315789474]
14 [152.0, 67.0, 45.0, 686.0, 0.7302674558143859, 0.8821052631578947]
15 [152.0, 67.0, 44.0, 687.0, 0.7320284649607505, 0.8831578947368421]
16 [149.0, 70.0, 38.0, 693.0, 0.7334899743325148, 0.8863157894736842]
17 [148.0, 71.0, 41.0, 690.0, 0.7249896836787886, 0.8821052631578947]
18 [150.0, 69.0, 42.0, 689.0, 0.7294259524731528, 0.8831578947368421]
19 [147.0, 72.0, 38.0, 693.0, 0.7272230494506657, 0.8842105263157894]
20 [147.0, 72.0, 38.0, 693.0, 0.7272230494506657, 0.8842105263157894]
21 [146.0, 73.0, 40.0, 691.0, 0.7204877554126193, 0.8810526315789474]
22 [150.0, 69.0, 38.0, 693.0, 0.7366003507036617, 0.8873684210526316]
23 [148.0, 71.0, 39.0, 692.0, 0.7285638924943555, 0.8842105263157894]
24 [149.0, 70.0, 42.0, 689.0, 0.726328395251234, 0.8821052631578947]
25 [151.0, 68.0, 41.0, 690.0, 0.734292106596588, 0.8852631578947369]
26 [148.0, 71.0, 41.0, 690.0, 0.7249896836787886, 0.8821052631578947]
27 [150.0, 69.0, 39.0, 692.0, 0.7347935526503261, 0.8863157894736842]
28 [150.0, 69.0, 40.0, 691.0, 0.7329955966544137, 0.8852631578947369]
29 [151.0, 68.0, 42.0, 689.0, 0.732508479790548, 0.8842105263157894]
30 [152.0, 67.0, 39.0, 692.0, 0.7409624634905393, 0.888421052631579]
31 [150.0, 69.0, 41.0, 690.0, 0.7312064179678387, 0.8842105263157894]
32 [150.0, 69.0, 41.0, 690.0, 0.7312064179678387, 0.8842105263157894]
33 [152.0, 67.0, 41.0, 690.0, 0.7373628229348274, 0.8863157894736842]
34 [153.0, 66.0, 41.0, 690.0, 0.7404186756909618, 0.8873684210526316]
35 [152.0, 67.0, 40.0, 691.0, 0.739158260749551, 0.8873684210526316]
36 [153.0, 66.0, 39.0, 692.0, 0.7440244149314634, 0.8894736842105263]
37 [151.0, 68.0, 39.0, 692.0, 0.7378855460612632, 0.8873684210526316]
38 [151.0, 68.0, 40.0, 691.0, 0.736084440714471, 0.8863157894736842]
39 [153.0, 66.0, 40.0, 691.0, 0.7422171661081456, 0.888421052631579]
40 [153.0, 66.0, 39.0, 692.0, 0.7440244149314634, 0.8894736842105263]
41 [153.0, 66.0, 40.0, 691.0, 0.7422171661081456, 0.888421052631579]
42 [152.0, 67.0, 39.0, 692.0, 0.7409624634905393, 0.888421052631579]
43 [152.0, 67.0, 40.0, 691.0, 0.739158260749551, 0.8873684210526316]
44 [153.0, 66.0, 40.0, 691.0, 0.7422171661081456, 0.888421052631579]
45 [154.0, 65.0, 40.0, 691.0, 0.7452612650801629, 0.8894736842105263]
46 [148.0, 71.0, 38.0, 693.0, 0.7303642452322302, 0.8852631578947369]
47 [152.0, 67.0, 40.0, 691.0, 0.739158260749551, 0.8873684210526316]
48 [152.0, 67.0, 40.0, 691.0, 0.739158260749551, 0.8873684210526316]
49 [149.0, 70.0, 39.0, 692.0, 0.7316863721839034, 0.8852631578947369]
50 [150.0, 69.0, 39.0, 692.0, 0.7347935526503261, 0.8863157894736842]
[150.0, 69.0, 39.0, 692.0, 0.7347935526503261, 0.8863157894736842]
precious=0.684928379322	recall=0.793646594462	f_scores=0.73479355265
p_avg=0.678062649852	r_avg=0.802228016528	f_avg=0.733765707253
