1 [28.0, 168.0, 19.0, 735.0, 0.2301391849074406, 0.8031578947368421]
2 [59.0, 137.0, 32.0, 722.0, 0.41071433986102335, 0.8221052631578948]
3 [80.0, 116.0, 30.0, 724.0, 0.5224122975914064, 0.8463157894736842]
4 [97.0, 99.0, 36.0, 718.0, 0.5891807959169166, 0.8578947368421053]
5 [113.0, 83.0, 37.0, 717.0, 0.6526846217087249, 0.8736842105263158]
6 [118.0, 78.0, 40.0, 714.0, 0.6661690277179592, 0.8757894736842106]
7 [123.0, 73.0, 37.0, 717.0, 0.6905128210001875, 0.8842105263157894]
8 [126.0, 70.0, 39.0, 715.0, 0.6975611141087085, 0.8852631578947369]
9 [127.0, 69.0, 38.0, 716.0, 0.7031012468458144, 0.8873684210526316]
10 [131.0, 65.0, 35.0, 719.0, 0.7232566818255208, 0.8947368421052632]
11 [132.0, 64.0, 36.0, 718.0, 0.7247740392164472, 0.8947368421052632]
12 [131.0, 65.0, 38.0, 716.0, 0.7173073661916641, 0.891578947368421]
13 [135.0, 61.0, 37.0, 717.0, 0.7331941289712788, 0.8968421052631579]
14 [136.0, 60.0, 38.0, 716.0, 0.7346332665940485, 0.8968421052631579]
15 [138.0, 58.0, 35.0, 719.0, 0.7474656996329319, 0.9021052631578947]
16 [137.0, 59.0, 38.0, 716.0, 0.7380424311324995, 0.8978947368421053]
17 [137.0, 59.0, 38.0, 716.0, 0.7380424311324995, 0.8978947368421053]
18 [141.0, 55.0, 42.0, 712.0, 0.7435603213490732, 0.8978947368421053]
19 [143.0, 53.0, 44.0, 710.0, 0.7462330033324494, 0.8978947368421053]
20 [146.0, 50.0, 45.0, 709.0, 0.754018478974538, 0.9]
21 [147.0, 49.0, 47.0, 707.0, 0.7533426325344875, 0.8989473684210526]
22 [149.0, 47.0, 50.0, 704.0, 0.7539269198266092, 0.8978947368421053]
23 [147.0, 49.0, 48.0, 706.0, 0.7514146479886475, 0.8978947368421053]
24 [147.0, 49.0, 48.0, 706.0, 0.7514146479886475, 0.8978947368421053]
25 [149.0, 47.0, 53.0, 701.0, 0.7482404032328523, 0.8947368421052632]
26 [149.0, 47.0, 52.0, 702.0, 0.7501263534685394, 0.8957894736842106]
27 [147.0, 49.0, 52.0, 702.0, 0.7438003933237107, 0.8936842105263157]
28 [148.0, 48.0, 52.0, 702.0, 0.7469713575529056, 0.8947368421052632]
29 [149.0, 47.0, 51.0, 703.0, 0.7520218348546797, 0.8968421052631579]
30 [148.0, 48.0, 53.0, 701.0, 0.7450885977190146, 0.8936842105263157]
31 [148.0, 48.0, 53.0, 701.0, 0.7450885977190146, 0.8936842105263157]
32 [148.0, 48.0, 53.0, 701.0, 0.7450885977190146, 0.8936842105263157]
33 [149.0, 47.0, 55.0, 699.0, 0.7444968100955749, 0.8926315789473684]
34 [148.0, 48.0, 54.0, 700.0, 0.7432153051084714, 0.8926315789473684]
35 [148.0, 48.0, 54.0, 700.0, 0.7432153051084714, 0.8926315789473684]
36 [149.0, 47.0, 55.0, 699.0, 0.7444968100955749, 0.8926315789473684]
37 [150.0, 46.0, 57.0, 697.0, 0.7439138867133865, 0.891578947368421]
38 [152.0, 44.0, 57.0, 697.0, 0.7501144245310488, 0.8936842105263157]
39 [152.0, 44.0, 57.0, 697.0, 0.7501144245310488, 0.8936842105263157]
40 [152.0, 44.0, 59.0, 695.0, 0.7464260892494133, 0.891578947368421]
41 [152.0, 44.0, 59.0, 695.0, 0.7464260892494133, 0.891578947368421]
42 [151.0, 45.0, 58.0, 696.0, 0.7451761795107387, 0.891578947368421]
43 [151.0, 45.0, 60.0, 694.0, 0.7415121106903475, 0.8894736842105263]
44 [152.0, 44.0, 58.0, 696.0, 0.7482657118020678, 0.8926315789473684]
45 [152.0, 44.0, 57.0, 697.0, 0.7501144245310488, 0.8936842105263157]
46 [152.0, 44.0, 58.0, 696.0, 0.7482657118020678, 0.8926315789473684]
47 [152.0, 44.0, 57.0, 697.0, 0.7501144245310488, 0.8936842105263157]
48 [151.0, 45.0, 58.0, 696.0, 0.7451761795107387, 0.891578947368421]
49 [152.0, 44.0, 56.0, 698.0, 0.7519722949795311, 0.8947368421052632]
50 [152.0, 44.0, 55.0, 699.0, 0.7538393913615103, 0.8957894736842106]
[152.0, 44.0, 55.0, 699.0, 0.7538393913615103, 0.8957894736842106]
precious=0.775506247417	recall=0.734295969585	f_scores=0.753839391362
p_avg=0.712742123147	r_avg=0.802272832413	f_avg=0.75271768778
