1 [139.0, 58.0, 181.0, 572.0, 0.5372442354444474, 0.748421052631579]
2 [162.0, 35.0, 177.0, 576.0, 0.6040108061898681, 0.7768421052631579]
3 [125.0, 72.0, 66.0, 687.0, 0.6438270827171624, 0.8547368421052631]
4 [129.0, 68.0, 63.0, 690.0, 0.6627361237346989, 0.8621052631578947]
5 [145.0, 52.0, 82.0, 671.0, 0.6834619026258325, 0.8589473684210527]
6 [159.0, 38.0, 104.0, 649.0, 0.6908119817395365, 0.8505263157894737]
7 [161.0, 36.0, 95.0, 658.0, 0.7103224599576395, 0.8621052631578947]
8 [162.0, 35.0, 97.0, 656.0, 0.7100327813380034, 0.8610526315789474]
9 [159.0, 38.0, 90.0, 663.0, 0.7125084246944883, 0.8652631578947368]
10 [167.0, 30.0, 92.0, 661.0, 0.7319624995815391, 0.871578947368421]
11 [163.0, 34.0, 86.0, 667.0, 0.7304455556291665, 0.8736842105263158]
12 [162.0, 35.0, 82.0, 671.0, 0.7341965571571994, 0.8768421052631579]
13 [163.0, 34.0, 80.0, 673.0, 0.7404115178512594, 0.88]
14 [160.0, 37.0, 77.0, 676.0, 0.7368283714761092, 0.88]
15 [161.0, 36.0, 77.0, 676.0, 0.7397312550171959, 0.8810526315789474]
16 [157.0, 40.0, 67.0, 686.0, 0.7453420759440087, 0.8873684210526316]
17 [158.0, 39.0, 71.0, 682.0, 0.7412837093151174, 0.8842105263157894]
18 [156.0, 41.0, 61.0, 692.0, 0.7531210445761589, 0.8926315789473684]
19 [158.0, 39.0, 59.0, 694.0, 0.7627828294755667, 0.8968421052631579]
20 [155.0, 42.0, 60.0, 693.0, 0.7519248170668035, 0.8926315789473684]
21 [156.0, 41.0, 58.0, 695.0, 0.7586215769828328, 0.8957894736842106]
22 [155.0, 42.0, 61.0, 692.0, 0.7501030816515025, 0.891578947368421]
23 [157.0, 40.0, 54.0, 699.0, 0.7691049831460793, 0.9010526315789473]
24 [156.0, 41.0, 61.0, 692.0, 0.7531210445761589, 0.8926315789473684]
25 [156.0, 41.0, 54.0, 699.0, 0.7660818349580926, 0.9]
26 [154.0, 43.0, 57.0, 696.0, 0.7543991791853832, 0.8947368421052632]
27 [156.0, 41.0, 54.0, 699.0, 0.7660818349580926, 0.9]
28 [155.0, 42.0, 52.0, 701.0, 0.7668235655815449, 0.9010526315789473]
29 [152.0, 45.0, 53.0, 700.0, 0.7557156713349469, 0.8968421052631579]
30 [154.0, 43.0, 50.0, 703.0, 0.7675764471353739, 0.9021052631578947]
31 [153.0, 44.0, 51.0, 702.0, 0.7625889429619541, 0.9]
32 [150.0, 47.0, 49.0, 704.0, 0.7570722739757536, 0.8989473684210526]
33 [152.0, 45.0, 52.0, 701.0, 0.757601438816454, 0.8978947368421053]
34 [149.0, 48.0, 50.0, 703.0, 0.752021796644454, 0.8968421052631579]
35 [150.0, 47.0, 52.0, 701.0, 0.7513763411391554, 0.8957894736842106]
36 [150.0, 47.0, 49.0, 704.0, 0.7570722739757536, 0.8989473684210526]
37 [149.0, 48.0, 49.0, 704.0, 0.7539268942238986, 0.8978947368421053]
38 [150.0, 47.0, 48.0, 705.0, 0.7589901575201122, 0.9]
39 [151.0, 46.0, 51.0, 702.0, 0.7563888451437403, 0.8978947368421053]
40 [151.0, 46.0, 51.0, 702.0, 0.7563888451437403, 0.8978947368421053]
41 [150.0, 47.0, 51.0, 702.0, 0.7532654383418105, 0.8968421052631579]
42 [151.0, 46.0, 52.0, 701.0, 0.7544966682772465, 0.8968421052631579]
43 [153.0, 44.0, 53.0, 700.0, 0.7588020207460026, 0.8978947368421053]
44 [154.0, 43.0, 53.0, 700.0, 0.7618730971496066, 0.8989473684210526]
45 [154.0, 43.0, 56.0, 697.0, 0.7562538776459266, 0.8957894736842106]
46 [154.0, 43.0, 56.0, 697.0, 0.7562538776459266, 0.8957894736842106]
47 [155.0, 42.0, 57.0, 696.0, 0.757443505200206, 0.8957894736842106]
48 [156.0, 41.0, 59.0, 694.0, 0.7567791603151149, 0.8947368421052632]
49 [155.0, 42.0, 55.0, 698.0, 0.7611678562884017, 0.8978947368421053]
50 [156.0, 41.0, 58.0, 695.0, 0.7586215769828328, 0.8957894736842106]
[156.0, 41.0, 58.0, 695.0, 0.7586215769828328, 0.8957894736842106]
precious=0.791874152923	recall=0.728968556222	f_scores=0.758621576983
p_avg=0.777984845291	r_avg=0.726920977084	f_avg=0.750983311365
