1 [58.0, 149.0, 24.0, 719.0, 0.4009752545649227, 0.8178947368421052]
2 [116.0, 91.0, 67.0, 676.0, 0.594371054469401, 0.8336842105263158]
3 [146.0, 61.0, 97.0, 646.0, 0.6483895849916372, 0.8336842105263158]
4 [157.0, 50.0, 96.0, 647.0, 0.6821110864530385, 0.8463157894736842]
5 [159.0, 48.0, 99.0, 644.0, 0.6833743974585943, 0.8452631578947368]
6 [162.0, 45.0, 103.0, 640.0, 0.6859456722115768, 0.8442105263157895]
7 [162.0, 45.0, 92.0, 651.0, 0.7023224527173214, 0.8557894736842105]
8 [155.0, 52.0, 66.0, 677.0, 0.7237965600248611, 0.8757894736842106]
9 [152.0, 55.0, 64.0, 679.0, 0.7181732986033665, 0.8747368421052631]
10 [147.0, 60.0, 52.0, 691.0, 0.7236349027343884, 0.8821052631578947]
11 [148.0, 59.0, 55.0, 688.0, 0.7214480913863278, 0.88]
12 [137.0, 70.0, 39.0, 704.0, 0.714904584218378, 0.8852631578947369]
13 [135.0, 72.0, 41.0, 702.0, 0.7044607796278294, 0.8810526315789474]
14 [138.0, 69.0, 40.0, 703.0, 0.7163825742569251, 0.8852631578947369]
15 [129.0, 78.0, 34.0, 709.0, 0.6968009471355813, 0.8821052631578947]
16 [136.0, 71.0, 38.0, 705.0, 0.7134111092912127, 0.8852631578947369]
17 [136.0, 71.0, 37.0, 706.0, 0.7152900525778232, 0.8863157894736842]
18 [140.0, 67.0, 36.0, 707.0, 0.7305702913773555, 0.891578947368421]
19 [137.0, 70.0, 34.0, 709.0, 0.7243687631413485, 0.8905263157894737]
20 [139.0, 68.0, 35.0, 708.0, 0.7291590506861151, 0.891578947368421]
21 [138.0, 69.0, 34.0, 709.0, 0.7277329483767491, 0.891578947368421]
22 [141.0, 66.0, 37.0, 706.0, 0.7319669015579068, 0.891578947368421]
23 [143.0, 64.0, 36.0, 707.0, 0.7404317680424229, 0.8947368421052632]
24 [142.0, 65.0, 36.0, 707.0, 0.7371616773936417, 0.8936842105263157]
25 [141.0, 66.0, 36.0, 707.0, 0.7338745629331667, 0.8926315789473684]
26 [143.0, 64.0, 36.0, 707.0, 0.7404317680424229, 0.8947368421052632]
27 [142.0, 65.0, 36.0, 707.0, 0.7371616773936417, 0.8936842105263157]
28 [142.0, 65.0, 37.0, 706.0, 0.7352504500864359, 0.8926315789473684]
29 [140.0, 67.0, 35.0, 708.0, 0.7324843003142726, 0.8926315789473684]
30 [140.0, 67.0, 35.0, 708.0, 0.7324843003142726, 0.8926315789473684]
31 [139.0, 68.0, 36.0, 707.0, 0.7272487280475788, 0.8905263157894737]
32 [138.0, 69.0, 35.0, 708.0, 0.7258163079916586, 0.8905263157894737]
33 [139.0, 68.0, 34.0, 709.0, 0.7310794357522193, 0.8926315789473684]
34 [139.0, 68.0, 34.0, 709.0, 0.7310794357522193, 0.8926315789473684]
35 [138.0, 69.0, 33.0, 710.0, 0.7296597379870156, 0.8926315789473684]
36 [139.0, 68.0, 33.0, 710.0, 0.7330099629600341, 0.8936842105263157]
37 [138.0, 69.0, 33.0, 710.0, 0.7296597379870156, 0.8926315789473684]
38 [136.0, 71.0, 32.0, 711.0, 0.7248352098774568, 0.891578947368421]
39 [137.0, 70.0, 32.0, 711.0, 0.728224970849306, 0.8926315789473684]
40 [136.0, 71.0, 28.0, 715.0, 0.7326567348722905, 0.8957894736842106]
41 [138.0, 69.0, 31.0, 712.0, 0.733544089060101, 0.8947368421052632]
42 [137.0, 70.0, 28.0, 715.0, 0.7360618839098798, 0.8968421052631579]
43 [136.0, 71.0, 31.0, 712.0, 0.7267748931294028, 0.8926315789473684]
44 [135.0, 72.0, 31.0, 712.0, 0.723363086481458, 0.891578947368421]
45 [134.0, 73.0, 28.0, 715.0, 0.725791096176625, 0.8936842105263157]
46 [135.0, 72.0, 28.0, 715.0, 0.729233188792772, 0.8947368421052632]
47 [134.0, 73.0, 27.0, 716.0, 0.727765056479342, 0.8947368421052632]
48 [134.0, 73.0, 27.0, 716.0, 0.727765056479342, 0.8947368421052632]
49 [134.0, 73.0, 27.0, 716.0, 0.727765056479342, 0.8947368421052632]
50 [134.0, 73.0, 27.0, 716.0, 0.727765056479342, 0.8947368421052632]
[134.0, 73.0, 27.0, 716.0, 0.727765056479342, 0.8947368421052632]
precious=0.647339867923	recall=0.832292967124	f_scores=0.727765056479
p_avg=0.647339867923	r_avg=0.832292967124	f_avg=0.727765056479
