1 [45.0, 166.0, 20.0, 719.0, 0.32572490159686446, 0.8042105263157895]
2 [85.0, 126.0, 50.0, 689.0, 0.4908512236773381, 0.8147368421052632]
3 [100.0, 111.0, 53.0, 686.0, 0.5489606568999915, 0.8273684210526315]
4 [114.0, 97.0, 66.0, 673.0, 0.5826207878389407, 0.828421052631579]
5 [131.0, 80.0, 68.0, 671.0, 0.63852209162748, 0.8442105263157895]
6 [131.0, 80.0, 60.0, 679.0, 0.6512396700365597, 0.8526315789473684]
7 [138.0, 73.0, 90.0, 649.0, 0.6281998762240996, 0.828421052631579]
8 [137.0, 74.0, 96.0, 643.0, 0.6166159676896695, 0.8210526315789474]
9 [149.0, 62.0, 116.0, 623.0, 0.6255546133995876, 0.8126315789473684]
10 [157.0, 54.0, 125.0, 614.0, 0.636424998237068, 0.8115789473684211]
11 [156.0, 55.0, 121.0, 618.0, 0.6388511642586082, 0.8147368421052632]
12 [159.0, 52.0, 116.0, 623.0, 0.6538273343436558, 0.8231578947368421]
13 [159.0, 52.0, 114.0, 625.0, 0.6565306508967192, 0.8252631578947368]
14 [158.0, 53.0, 110.0, 629.0, 0.6592124181349829, 0.828421052631579]
15 [161.0, 50.0, 108.0, 631.0, 0.6703382000962385, 0.8336842105263158]
16 [162.0, 49.0, 105.0, 634.0, 0.6773286527899234, 0.8378947368421052]
17 [162.0, 49.0, 100.0, 639.0, 0.6844927018903892, 0.8431578947368421]
18 [158.0, 53.0, 98.0, 641.0, 0.6761616359502803, 0.8410526315789474]
19 [151.0, 60.0, 92.0, 647.0, 0.6646981633522694, 0.84]
20 [148.0, 63.0, 85.0, 654.0, 0.666165264128674, 0.8442105263157895]
21 [151.0, 60.0, 90.0, 649.0, 0.6676412097436484, 0.8421052631578947]
22 [147.0, 64.0, 86.0, 653.0, 0.6616607824493528, 0.8421052631578947]
23 [144.0, 67.0, 82.0, 657.0, 0.6585368526768437, 0.8431578947368421]
24 [145.0, 66.0, 83.0, 656.0, 0.6600903724196889, 0.8431578947368421]
25 [140.0, 71.0, 51.0, 688.0, 0.6960155421727816, 0.871578947368421]
26 [139.0, 72.0, 51.0, 688.0, 0.6927651048717601, 0.8705263157894737]
27 [136.0, 75.0, 49.0, 690.0, 0.686367733802828, 0.8694736842105263]
28 [137.0, 74.0, 50.0, 689.0, 0.6879409299253926, 0.8694736842105263]
29 [136.0, 75.0, 50.0, 689.0, 0.6846374319558866, 0.868421052631579]
30 [137.0, 74.0, 50.0, 689.0, 0.6879409299253926, 0.8694736842105263]
31 [136.0, 75.0, 50.0, 689.0, 0.6846374319558866, 0.868421052631579]
32 [135.0, 76.0, 49.0, 690.0, 0.6830435410408564, 0.868421052631579]
33 [134.0, 77.0, 49.0, 690.0, 0.6797024816275549, 0.8673684210526316]
34 [133.0, 78.0, 49.0, 690.0, 0.6763444268667448, 0.8663157894736843]
35 [133.0, 78.0, 49.0, 690.0, 0.6763444268667448, 0.8663157894736843]
36 [133.0, 78.0, 47.0, 692.0, 0.6798069311060465, 0.868421052631579]
37 [131.0, 80.0, 46.0, 693.0, 0.6747584549354957, 0.8673684210526316]
38 [131.0, 80.0, 45.0, 694.0, 0.6765035378599042, 0.868421052631579]
39 [129.0, 82.0, 42.0, 697.0, 0.6748949781561392, 0.8694736842105263]
40 [129.0, 82.0, 41.0, 698.0, 0.676667950161456, 0.8705263157894737]
41 [128.0, 83.0, 40.0, 699.0, 0.6749649735070395, 0.8705263157894737]
42 [128.0, 83.0, 42.0, 697.0, 0.6714186366986438, 0.868421052631579]
43 [128.0, 83.0, 40.0, 699.0, 0.6749649735070395, 0.8705263157894737]
44 [127.0, 84.0, 42.0, 697.0, 0.6679240072796265, 0.8673684210526316]
45 [129.0, 82.0, 41.0, 698.0, 0.676667950161456, 0.8705263157894737]
46 [124.0, 87.0, 39.0, 700.0, 0.6626066585071395, 0.8673684210526316]
47 [126.0, 85.0, 39.0, 700.0, 0.6697170461948414, 0.8694736842105263]
48 [126.0, 85.0, 38.0, 701.0, 0.6715046303236092, 0.8705263157894737]
49 [127.0, 84.0, 39.0, 700.0, 0.6732439628892755, 0.8705263157894737]
50 [125.0, 86.0, 38.0, 701.0, 0.6679542205801261, 0.8694736842105263]
[125.0, 86.0, 38.0, 701.0, 0.6679542205801261, 0.8694736842105263]
precious=0.592414253961	recall=0.766866460942	f_scores=0.66795422058
p_avg=0.629524164692	r_avg=0.836056829782	f_avg=0.717188434415
