1 [145.0, 58.0, 192.0, 555.0, 0.5365662461376475, 0.7368421052631579]
2 [153.0, 50.0, 179.0, 568.0, 0.571489935649978, 0.7589473684210526]
3 [151.0, 52.0, 147.0, 600.0, 0.6023103678354415, 0.7905263157894736]
4 [130.0, 73.0, 75.0, 672.0, 0.6367521821752617, 0.8442105263157895]
5 [146.0, 57.0, 94.0, 653.0, 0.6586430980039748, 0.8410526315789474]
6 [155.0, 48.0, 113.0, 634.0, 0.6576811906248566, 0.8305263157894737]
7 [158.0, 45.0, 117.0, 630.0, 0.6605968052405998, 0.8294736842105264]
8 [159.0, 44.0, 116.0, 631.0, 0.6647808858840278, 0.8315789473684211]
9 [158.0, 45.0, 121.0, 626.0, 0.6551117325716993, 0.8252631578947368]
10 [150.0, 53.0, 98.0, 649.0, 0.6646908661640465, 0.8410526315789474]
11 [153.0, 50.0, 93.0, 654.0, 0.6810163865510444, 0.8494736842105263]
12 [154.0, 49.0, 90.0, 657.0, 0.6885395113596559, 0.8536842105263158]
13 [156.0, 47.0, 85.0, 662.0, 0.70220355013326, 0.8610526315789474]
14 [150.0, 53.0, 75.0, 672.0, 0.7004329796569199, 0.8652631578947368]
15 [151.0, 52.0, 73.0, 674.0, 0.7067582013478457, 0.868421052631579]
16 [149.0, 54.0, 70.0, 677.0, 0.70565886223849, 0.8694736842105263]
17 [149.0, 54.0, 74.0, 673.0, 0.6990286898872136, 0.8652631578947368]
18 [149.0, 54.0, 71.0, 676.0, 0.7039895559007652, 0.868421052631579]
19 [149.0, 54.0, 74.0, 673.0, 0.6990286898872136, 0.8652631578947368]
20 [146.0, 57.0, 70.0, 677.0, 0.6963948873358426, 0.8663157894736843]
21 [147.0, 56.0, 71.0, 676.0, 0.6978349662148084, 0.8663157894736843]
22 [150.0, 53.0, 69.0, 678.0, 0.7103981739200809, 0.871578947368421]
23 [146.0, 57.0, 68.0, 679.0, 0.6997371538963963, 0.868421052631579]
24 [148.0, 55.0, 68.0, 679.0, 0.7059413763157739, 0.8705263157894737]
25 [146.0, 57.0, 67.0, 680.0, 0.7014203467316725, 0.8694736842105263]
26 [145.0, 58.0, 64.0, 683.0, 0.7033805390646015, 0.871578947368421]
27 [145.0, 58.0, 62.0, 685.0, 0.7068140235837459, 0.8736842105263158]
28 [144.0, 59.0, 61.0, 686.0, 0.7053792586657254, 0.8736842105263158]
29 [143.0, 60.0, 58.0, 689.0, 0.7074176526738186, 0.8757894736842106]
30 [144.0, 59.0, 59.0, 688.0, 0.7088564637302983, 0.8757894736842106]
31 [144.0, 59.0, 59.0, 688.0, 0.7088564637302983, 0.8757894736842106]
32 [144.0, 59.0, 59.0, 688.0, 0.7088564637302983, 0.8757894736842106]
33 [143.0, 60.0, 57.0, 690.0, 0.7091742770950173, 0.8768421052631579]
34 [143.0, 60.0, 60.0, 687.0, 0.7039303820834167, 0.8736842105263158]
35 [142.0, 61.0, 57.0, 690.0, 0.7059645500025032, 0.8757894736842106]
36 [142.0, 61.0, 58.0, 689.0, 0.704211525044772, 0.8747368421052631]
37 [143.0, 60.0, 58.0, 689.0, 0.7074176526738186, 0.8757894736842106]
38 [142.0, 61.0, 59.0, 688.0, 0.7024671846149123, 0.8736842105263158]
39 [142.0, 61.0, 57.0, 690.0, 0.7059645500025032, 0.8757894736842106]
40 [143.0, 60.0, 59.0, 688.0, 0.7056697090663265, 0.8747368421052631]
41 [143.0, 60.0, 57.0, 690.0, 0.7091742770950173, 0.8768421052631579]
42 [143.0, 60.0, 57.0, 690.0, 0.7091742770950173, 0.8768421052631579]
43 [143.0, 60.0, 59.0, 688.0, 0.7056697090663265, 0.8747368421052631]
44 [143.0, 60.0, 59.0, 688.0, 0.7056697090663265, 0.8747368421052631]
45 [143.0, 60.0, 63.0, 684.0, 0.6987634684140226, 0.8705263157894737]
46 [143.0, 60.0, 59.0, 688.0, 0.7056697090663265, 0.8747368421052631]
47 [143.0, 60.0, 63.0, 684.0, 0.6987634684140226, 0.8705263157894737]
48 [143.0, 60.0, 61.0, 686.0, 0.7021996081672599, 0.8726315789473684]
49 [145.0, 58.0, 62.0, 685.0, 0.7068140235837459, 0.8736842105263158]
50 [143.0, 60.0, 62.0, 685.0, 0.7004773243835793, 0.871578947368421]
[143.0, 60.0, 62.0, 685.0, 0.7004773243835793, 0.871578947368421]
precious=0.704430027438	recall=0.69755757289	f_scores=0.700477324384
p_avg=0.780320835021	r_avg=0.717329634097	f_avg=0.74643188316
