1 [57.0, 143.0, 36.0, 714.0, 0.38864300466665935, 0.8115789473684211]
2 [86.0, 114.0, 38.0, 712.0, 0.5303888514841452, 0.84]
3 [109.0, 91.0, 46.0, 704.0, 0.6135894752793862, 0.8557894736842105]
4 [117.0, 83.0, 48.0, 702.0, 0.6405973575366105, 0.8621052631578947]
5 [127.0, 73.0, 52.0, 698.0, 0.6696830655256266, 0.868421052631579]
6 [137.0, 63.0, 58.0, 692.0, 0.6931678139789672, 0.8726315789473684]
7 [129.0, 71.0, 40.0, 710.0, 0.6986870834120484, 0.8831578947368421]
8 [119.0, 81.0, 38.0, 712.0, 0.6661705495922711, 0.8747368421052631]
9 [123.0, 77.0, 39.0, 711.0, 0.6790601257089266, 0.8778947368421053]
10 [121.0, 79.0, 34.0, 716.0, 0.6811946891792776, 0.8810526315789474]
11 [124.0, 76.0, 36.0, 714.0, 0.688391588267023, 0.8821052631578947]
12 [130.0, 70.0, 51.0, 699.0, 0.6819127236480186, 0.8726315789473684]
13 [132.0, 68.0, 47.0, 703.0, 0.6960681365418014, 0.8789473684210526]
14 [132.0, 68.0, 52.0, 698.0, 0.6869976494498305, 0.8736842105263158]
15 [130.0, 70.0, 55.0, 695.0, 0.6748222949347348, 0.868421052631579]
16 [133.0, 67.0, 57.0, 693.0, 0.6815484788915008, 0.8694736842105263]
17 [138.0, 62.0, 59.0, 691.0, 0.6947109913282062, 0.8726315789473684]
18 [140.0, 60.0, 53.0, 697.0, 0.7119650766633286, 0.8810526315789474]
19 [144.0, 56.0, 63.0, 687.0, 0.7071137311455776, 0.8747368421052631]
20 [144.0, 56.0, 56.0, 694.0, 0.7194967470009966, 0.8821052631578947]
21 [146.0, 54.0, 54.0, 696.0, 0.7294966922513083, 0.8863157894736842]
22 [144.0, 56.0, 58.0, 692.0, 0.7159147072725274, 0.88]
23 [145.0, 55.0, 59.0, 691.0, 0.7173186256039006, 0.88]
24 [144.0, 56.0, 54.0, 696.0, 0.7231148120563979, 0.8842105263157894]
25 [143.0, 57.0, 56.0, 694.0, 0.7162887386967538, 0.8810526315789474]
26 [142.0, 58.0, 55.0, 695.0, 0.7148620131987669, 0.8810526315789474]
27 [142.0, 58.0, 54.0, 696.0, 0.716668494404707, 0.8821052631578947]
28 [142.0, 58.0, 57.0, 693.0, 0.7112762349464945, 0.8789473684210526]
29 [143.0, 57.0, 58.0, 692.0, 0.712713753817624, 0.8789473684210526]
30 [142.0, 58.0, 53.0, 697.0, 0.7184841288229876, 0.8831578947368421]
31 [143.0, 57.0, 55.0, 695.0, 0.7180897140925481, 0.8821052631578947]
32 [143.0, 57.0, 55.0, 695.0, 0.7180897140925481, 0.8821052631578947]
33 [142.0, 58.0, 53.0, 697.0, 0.7184841288229876, 0.8831578947368421]
34 [142.0, 58.0, 57.0, 693.0, 0.7112762349464945, 0.8789473684210526]
35 [142.0, 58.0, 56.0, 694.0, 0.7130646161626539, 0.88]
36 [143.0, 57.0, 54.0, 696.0, 0.7198997687547565, 0.8831578947368421]
37 [145.0, 55.0, 59.0, 691.0, 0.7173186256039006, 0.88]
38 [144.0, 56.0, 57.0, 693.0, 0.7177012576835688, 0.8810526315789474]
39 [143.0, 57.0, 57.0, 693.0, 0.7144967744256305, 0.88]
40 [147.0, 53.0, 59.0, 691.0, 0.7236348179194529, 0.8821052631578947]
41 [147.0, 53.0, 57.0, 693.0, 0.7272195619573566, 0.8842105263157894]
42 [146.0, 54.0, 54.0, 696.0, 0.7294966922513083, 0.8863157894736842]
43 [146.0, 54.0, 54.0, 696.0, 0.7294966922513083, 0.8863157894736842]
44 [145.0, 55.0, 56.0, 694.0, 0.7226887615830181, 0.8831578947368421]
45 [145.0, 55.0, 55.0, 695.0, 0.7244967196097847, 0.8842105263157894]
46 [145.0, 55.0, 54.0, 696.0, 0.7263137462986945, 0.8852631578947369]
47 [147.0, 53.0, 55.0, 695.0, 0.7308399990401843, 0.8863157894736842]
48 [146.0, 54.0, 54.0, 696.0, 0.7294966922513083, 0.8863157894736842]
49 [146.0, 54.0, 55.0, 695.0, 0.7276762655152845, 0.8852631578947369]
50 [143.0, 57.0, 53.0, 697.0, 0.7217189715139042, 0.8842105263157894]
[143.0, 57.0, 53.0, 697.0, 0.7217189715139042, 0.8842105263157894]
precious=0.714996425018	recall=0.729588114346	f_scores=0.721718971514
p_avg=0.749872005279	r_avg=0.744560588019	f_avg=0.746187308917
