1 [155.0, 68.0, 189.0, 538.0, 0.5462584715284388, 0.7294736842105263]
2 [180.0, 43.0, 162.0, 565.0, 0.6366884243172928, 0.7842105263157895]
3 [176.0, 47.0, 123.0, 604.0, 0.6738378719254906, 0.8210526315789474]
4 [149.0, 74.0, 69.0, 658.0, 0.6752343307710407, 0.8494736842105263]
5 [154.0, 69.0, 76.0, 651.0, 0.6794091846151084, 0.8473684210526315]
6 [166.0, 57.0, 89.0, 638.0, 0.6940603606617646, 0.8463157894736842]
7 [158.0, 65.0, 66.0, 661.0, 0.7064323159256803, 0.8621052631578947]
8 [176.0, 47.0, 87.0, 640.0, 0.7237805820954651, 0.8589473684210527]
9 [170.0, 53.0, 74.0, 653.0, 0.727549626691938, 0.8663157894736843]
10 [182.0, 41.0, 97.0, 630.0, 0.7246032708611126, 0.8547368421052631]
11 [176.0, 47.0, 75.0, 652.0, 0.7421149791670885, 0.871578947368421]
12 [183.0, 40.0, 87.0, 640.0, 0.7418953721520009, 0.8663157894736843]
13 [189.0, 34.0, 85.0, 642.0, 0.7600659062345628, 0.8747368421052631]
14 [188.0, 35.0, 80.0, 647.0, 0.7652855153762332, 0.8789473684210526]
15 [186.0, 37.0, 80.0, 647.0, 0.7602372745050028, 0.8768421052631579]
16 [185.0, 38.0, 81.0, 646.0, 0.7561473134294946, 0.8747368421052631]
17 [180.0, 43.0, 75.0, 652.0, 0.7526374937199024, 0.8757894736842106]
18 [183.0, 40.0, 72.0, 655.0, 0.7651897370692587, 0.8821052631578947]
19 [182.0, 41.0, 67.0, 660.0, 0.7706850121091464, 0.8863157894736842]
20 [181.0, 42.0, 66.0, 661.0, 0.7697111149040953, 0.8863157894736842]
21 [181.0, 42.0, 67.0, 660.0, 0.7680759629996026, 0.8852631578947369]
22 [181.0, 42.0, 65.0, 662.0, 0.7713532437902728, 0.8873684210526316]
23 [181.0, 42.0, 64.0, 663.0, 0.7730023944084246, 0.888421052631579]
24 [180.0, 43.0, 63.0, 664.0, 0.7720301164688833, 0.888421052631579]
25 [181.0, 42.0, 64.0, 663.0, 0.7730023944084246, 0.888421052631579]
26 [179.0, 44.0, 63.0, 664.0, 0.7693903199674514, 0.8873684210526316]
27 [180.0, 43.0, 63.0, 664.0, 0.7720301164688833, 0.888421052631579]
28 [179.0, 44.0, 64.0, 663.0, 0.7677382911940852, 0.8863157894736842]
29 [179.0, 44.0, 63.0, 664.0, 0.7693903199674514, 0.8873684210526316]
30 [178.0, 45.0, 63.0, 664.0, 0.7667391493485043, 0.8863157894736842]
31 [179.0, 44.0, 62.0, 665.0, 0.7710494737845677, 0.888421052631579]
32 [179.0, 44.0, 62.0, 665.0, 0.7710494737845677, 0.888421052631579]
33 [178.0, 45.0, 63.0, 664.0, 0.7667391493485043, 0.8863157894736842]
34 [179.0, 44.0, 62.0, 665.0, 0.7710494737845677, 0.888421052631579]
35 [180.0, 43.0, 60.0, 667.0, 0.7770354328187131, 0.891578947368421]
36 [179.0, 44.0, 60.0, 667.0, 0.7743893417265354, 0.8905263157894737]
37 [179.0, 44.0, 60.0, 667.0, 0.7743893417265354, 0.8905263157894737]
38 [177.0, 46.0, 57.0, 670.0, 0.7741142896797634, 0.891578947368421]
39 [176.0, 47.0, 58.0, 669.0, 0.7697379430466603, 0.8894736842105263]
40 [178.0, 45.0, 58.0, 669.0, 0.7750964717237294, 0.891578947368421]
41 [177.0, 46.0, 60.0, 667.0, 0.7690626586523803, 0.888421052631579]
42 [176.0, 47.0, 59.0, 668.0, 0.7680562636949895, 0.888421052631579]
43 [177.0, 46.0, 61.0, 666.0, 0.7673934011249871, 0.8873684210526316]
44 [176.0, 47.0, 59.0, 668.0, 0.7680562636949895, 0.888421052631579]
45 [178.0, 45.0, 62.0, 665.0, 0.768396164880393, 0.8873684210526316]
46 [177.0, 46.0, 62.0, 665.0, 0.7657313741809764, 0.8863157894736842]
47 [179.0, 44.0, 63.0, 664.0, 0.7693903199674514, 0.8873684210526316]
48 [179.0, 44.0, 64.0, 663.0, 0.7677382911940852, 0.8863157894736842]
49 [180.0, 43.0, 64.0, 663.0, 0.7703759767693794, 0.8873684210526316]
50 [180.0, 43.0, 68.0, 659.0, 0.7638296983239908, 0.8831578947368421]
[180.0, 43.0, 68.0, 659.0, 0.7638296983239908, 0.8831578947368421]
precious=0.80717126829	recall=0.725803524986	f_scores=0.763829698324
p_avg=0.792969302951	r_avg=0.720624977631	f_avg=0.754090976289
