1 [51.0, 143.0, 23.0, 733.0, 0.38019483766055806, 0.8252631578947368]
2 [92.0, 102.0, 49.0, 707.0, 0.5487633994052853, 0.8410526315789474]
3 [105.0, 89.0, 51.0, 705.0, 0.5995028718274104, 0.8526315789473684]
4 [102.0, 92.0, 41.0, 715.0, 0.6048494988093149, 0.86]
5 [124.0, 70.0, 52.0, 704.0, 0.6697682014864771, 0.871578947368421]
6 [131.0, 63.0, 59.0, 697.0, 0.6817885334020272, 0.871578947368421]
7 [133.0, 61.0, 61.0, 695.0, 0.6850638408746942, 0.871578947368421]
8 [146.0, 48.0, 91.0, 665.0, 0.6769963939399657, 0.8536842105263158]
9 [137.0, 57.0, 85.0, 671.0, 0.6581533205535536, 0.8505263157894737]
10 [151.0, 43.0, 117.0, 639.0, 0.6531900143289505, 0.8315789473684211]
11 [146.0, 48.0, 99.0, 657.0, 0.6646521470534006, 0.8452631578947368]
12 [148.0, 46.0, 101.0, 655.0, 0.6676766104203365, 0.8452631578947368]
13 [146.0, 48.0, 93.0, 663.0, 0.6738675439961231, 0.8515789473684211]
14 [151.0, 43.0, 94.0, 662.0, 0.6874310744627822, 0.8557894736842105]
15 [157.0, 37.0, 98.0, 658.0, 0.698838306214579, 0.8578947368421053]
16 [154.0, 40.0, 93.0, 663.0, 0.6979171001876523, 0.86]
17 [153.0, 41.0, 92.0, 664.0, 0.6965426456477121, 0.86]
18 [151.0, 43.0, 89.0, 667.0, 0.6953552958516329, 0.8610526315789474]
19 [152.0, 42.0, 91.0, 665.0, 0.695155626616221, 0.86]
20 [152.0, 42.0, 83.0, 673.0, 0.7081263180433814, 0.868421052631579]
21 [145.0, 49.0, 80.0, 676.0, 0.6916238952555571, 0.8642105263157894]
22 [146.0, 48.0, 79.0, 677.0, 0.6963971397177792, 0.8663157894736843]
23 [144.0, 50.0, 76.0, 680.0, 0.6951511416055124, 0.8673684210526316]
24 [144.0, 50.0, 51.0, 705.0, 0.7398564314613801, 0.8936842105263157]
25 [144.0, 50.0, 51.0, 705.0, 0.7398564314613801, 0.8936842105263157]
26 [141.0, 53.0, 48.0, 708.0, 0.7357890077575958, 0.8936842105263157]
27 [138.0, 56.0, 44.0, 712.0, 0.733539497662342, 0.8947368421052632]
28 [137.0, 57.0, 44.0, 712.0, 0.7301637117811264, 0.8936842105263157]
29 [133.0, 61.0, 40.0, 716.0, 0.7242936700316256, 0.8936842105263157]
30 [134.0, 60.0, 40.0, 716.0, 0.7277587295013689, 0.8947368421052632]
31 [131.0, 63.0, 34.0, 722.0, 0.7293045487206324, 0.8978947368421053]
32 [132.0, 62.0, 36.0, 720.0, 0.7287806571009326, 0.8968421052631579]
33 [134.0, 60.0, 35.0, 721.0, 0.7377906500562127, 0.9]
34 [132.0, 62.0, 34.0, 722.0, 0.7328326205104545, 0.8989473684210526]
35 [129.0, 65.0, 32.0, 724.0, 0.7262611273447807, 0.8978947368421053]
36 [130.0, 64.0, 32.0, 724.0, 0.7298373520778852, 0.8989473684210526]
37 [128.0, 66.0, 33.0, 723.0, 0.7206273589050319, 0.8957894736842106]
38 [129.0, 65.0, 30.0, 726.0, 0.730379296495974, 0.9]
39 [129.0, 65.0, 31.0, 725.0, 0.728314390539589, 0.8989473684210526]
40 [126.0, 68.0, 30.0, 726.0, 0.7195021184020042, 0.8968421052631579]
41 [127.0, 67.0, 30.0, 726.0, 0.72314849383385, 0.8978947368421053]
42 [127.0, 67.0, 30.0, 726.0, 0.72314849383385, 0.8978947368421053]
43 [126.0, 68.0, 30.0, 726.0, 0.7195021184020042, 0.8968421052631579]
44 [125.0, 69.0, 29.0, 727.0, 0.717893620389987, 0.8968421052631579]
45 [123.0, 71.0, 29.0, 727.0, 0.7104862577138067, 0.8947368421052632]
46 [124.0, 70.0, 29.0, 727.0, 0.714200607232435, 0.8957894736842106]
47 [121.0, 73.0, 28.0, 728.0, 0.7050441927099254, 0.8936842105263157]
48 [123.0, 71.0, 29.0, 727.0, 0.7104862577138067, 0.8947368421052632]
49 [123.0, 71.0, 30.0, 726.0, 0.7084369544527731, 0.8936842105263157]
50 [124.0, 70.0, 28.0, 728.0, 0.7162665683734359, 0.8968421052631579]
[124.0, 70.0, 28.0, 728.0, 0.7162665683734359, 0.8968421052631579]
precious=0.639171963031	recall=0.815784106684	f_scores=0.716266568373
p_avg=0.635811108842	r_avg=0.851400280799	f_avg=0.726954094049
