1 [58.0, 148.0, 26.0, 718.0, 0.39958615299253775, 0.8168421052631579]
2 [94.0, 112.0, 43.0, 701.0, 0.547622413603204, 0.8368421052631579]
3 [112.0, 94.0, 41.0, 703.0, 0.6234632363243303, 0.8578947368421053]
4 [124.0, 82.0, 47.0, 697.0, 0.6573261265759657, 0.8642105263157894]
5 [129.0, 77.0, 42.0, 702.0, 0.6838511703423396, 0.8747368421052631]
6 [137.0, 69.0, 47.0, 697.0, 0.7020624440614929, 0.8778947368421053]
7 [140.0, 66.0, 35.0, 709.0, 0.7344079242651161, 0.8936842105263157]
8 [153.0, 53.0, 88.0, 656.0, 0.6840641213497828, 0.8515789473684211]
9 [166.0, 40.0, 112.0, 632.0, 0.6854589917145575, 0.84]
10 [163.0, 43.0, 92.0, 652.0, 0.7066612776404653, 0.8578947368421053]
11 [161.0, 45.0, 93.0, 651.0, 0.6995027498846559, 0.8547368421052631]
12 [164.0, 42.0, 101.0, 643.0, 0.6958958943284607, 0.8494736842105263]
13 [164.0, 42.0, 99.0, 645.0, 0.6988650908989943, 0.8515789473684211]
14 [163.0, 43.0, 91.0, 653.0, 0.7081983599703336, 0.8589473684210527]
15 [162.0, 44.0, 81.0, 663.0, 0.7211040860370209, 0.868421052631579]
16 [161.0, 45.0, 80.0, 664.0, 0.719858126743446, 0.868421052631579]
17 [161.0, 45.0, 76.0, 668.0, 0.7263618097029704, 0.8726315789473684]
18 [159.0, 47.0, 72.0, 672.0, 0.7271874342697798, 0.8747368421052631]
19 [155.0, 51.0, 38.0, 706.0, 0.7764393131183106, 0.9063157894736842]
20 [153.0, 53.0, 35.0, 709.0, 0.7761471677391546, 0.9073684210526316]
21 [152.0, 54.0, 32.0, 712.0, 0.7789850916635082, 0.9094736842105263]
22 [152.0, 54.0, 28.0, 716.0, 0.7870632690711385, 0.9136842105263158]
23 [152.0, 54.0, 28.0, 716.0, 0.7870632690711385, 0.9136842105263158]
24 [152.0, 54.0, 26.0, 718.0, 0.791165514062598, 0.9157894736842105]
25 [152.0, 54.0, 25.0, 719.0, 0.7932327144120689, 0.9168421052631579]
26 [152.0, 54.0, 25.0, 719.0, 0.7932327144120689, 0.9168421052631579]
27 [152.0, 54.0, 23.0, 721.0, 0.7973996931162174, 0.9189473684210526]
28 [151.0, 55.0, 23.0, 721.0, 0.7942365149027825, 0.9178947368421052]
29 [150.0, 56.0, 22.0, 722.0, 0.7931509493909086, 0.9178947368421052]
30 [150.0, 56.0, 22.0, 722.0, 0.7931509493909086, 0.9178947368421052]
31 [150.0, 56.0, 22.0, 722.0, 0.7931509493909086, 0.9178947368421052]
32 [149.0, 57.0, 21.0, 723.0, 0.7920538687642784, 0.9178947368421052]
33 [149.0, 57.0, 21.0, 723.0, 0.7920538687642784, 0.9178947368421052]
34 [148.0, 58.0, 21.0, 723.0, 0.7888343014749831, 0.9168421052631579]
35 [148.0, 58.0, 21.0, 723.0, 0.7888343014749831, 0.9168421052631579]
36 [148.0, 58.0, 21.0, 723.0, 0.7888343014749831, 0.9168421052631579]
37 [148.0, 58.0, 20.0, 724.0, 0.790945088827961, 0.9178947368421052]
38 [144.0, 62.0, 20.0, 724.0, 0.7778809262999696, 0.9136842105263158]
39 [146.0, 60.0, 18.0, 726.0, 0.7886916743925712, 0.9178947368421052]
40 [147.0, 59.0, 19.0, 725.0, 0.7898244214375165, 0.9178947368421052]
41 [144.0, 62.0, 17.0, 727.0, 0.7842446940316998, 0.9168421052631579]
42 [144.0, 62.0, 20.0, 724.0, 0.7778809262999696, 0.9136842105263158]
43 [144.0, 62.0, 17.0, 727.0, 0.7842446940316998, 0.9168421052631579]
44 [145.0, 61.0, 17.0, 727.0, 0.7875466513269317, 0.9178947368421052]
45 [142.0, 64.0, 16.0, 728.0, 0.7797244970107886, 0.9157894736842105]
46 [141.0, 65.0, 16.0, 728.0, 0.776364644472141, 0.9147368421052632]
47 [142.0, 64.0, 16.0, 728.0, 0.7797244970107886, 0.9157894736842105]
48 [141.0, 65.0, 16.0, 728.0, 0.776364644472141, 0.9147368421052632]
49 [142.0, 64.0, 16.0, 728.0, 0.7797244970107886, 0.9157894736842105]
50 [142.0, 64.0, 16.0, 728.0, 0.7797244970107886, 0.9157894736842105]
[142.0, 64.0, 16.0, 728.0, 0.7797244970107886, 0.9157894736842105]
precious=0.68931704215	recall=0.89872848906	f_scores=0.779724497011
p_avg=0.68931704215	r_avg=0.89872848906	f_avg=0.779724497011
