1 [21.0, 183.0, 2.0, 744.0, 0.18483845873250376, 0.8052631578947368]
2 [39.0, 165.0, 1.0, 745.0, 0.3193956222080075, 0.8252631578947368]
3 [37.0, 167.0, 2.0, 744.0, 0.3042550059357208, 0.8221052631578948]
4 [47.0, 157.0, 5.0, 741.0, 0.3668611833194221, 0.8294736842105264]
5 [66.0, 138.0, 8.0, 738.0, 0.4744263845174166, 0.8463157894736842]
6 [104.0, 100.0, 21.0, 725.0, 0.6317441814571729, 0.8726315789473684]
7 [132.0, 72.0, 65.0, 681.0, 0.6578513627460731, 0.8557894736842105]
8 [142.0, 62.0, 74.0, 672.0, 0.6756880332547212, 0.8568421052631578]
9 [148.0, 56.0, 70.0, 676.0, 0.7009193823700105, 0.8673684210526316]
10 [141.0, 63.0, 63.0, 683.0, 0.6906734439273202, 0.8673684210526316]
11 [134.0, 70.0, 60.0, 686.0, 0.672864136607298, 0.8631578947368421]
12 [135.0, 69.0, 35.0, 711.0, 0.7214257456996208, 0.8905263157894737]
13 [134.0, 70.0, 59.0, 687.0, 0.674560324841576, 0.8642105263157894]
14 [135.0, 69.0, 58.0, 688.0, 0.6795980801027605, 0.8663157894736843]
15 [136.0, 68.0, 56.0, 690.0, 0.686366040024877, 0.8694736842105263]
16 [136.0, 68.0, 58.0, 688.0, 0.6829143319151135, 0.8673684210526316]
17 [138.0, 66.0, 60.0, 686.0, 0.6860642235265543, 0.8673684210526316]
18 [137.0, 67.0, 59.0, 687.0, 0.6844971394226568, 0.8673684210526316]
19 [136.0, 68.0, 58.0, 688.0, 0.6829143319151135, 0.8673684210526316]
20 [136.0, 68.0, 55.0, 691.0, 0.6881050119127035, 0.8705263157894737]
21 [138.0, 66.0, 55.0, 691.0, 0.6947113461239693, 0.8726315789473684]
22 [133.0, 71.0, 55.0, 691.0, 0.6780691663942073, 0.8673684210526316]
23 [136.0, 68.0, 58.0, 688.0, 0.6829143319151135, 0.8673684210526316]
24 [133.0, 71.0, 55.0, 691.0, 0.6780691663942073, 0.8673684210526316]
25 [132.0, 72.0, 55.0, 691.0, 0.6746896759738464, 0.8663157894736843]
26 [129.0, 75.0, 55.0, 691.0, 0.6644467282535442, 0.8631578947368421]
27 [131.0, 73.0, 55.0, 691.0, 0.6712928620690332, 0.8652631578947368]
28 [131.0, 73.0, 30.0, 716.0, 0.717311563767656, 0.891578947368421]
29 [130.0, 74.0, 30.0, 716.0, 0.7137894350753584, 0.8905263157894737]
30 [129.0, 75.0, 29.0, 717.0, 0.7122116575747154, 0.8905263157894737]
31 [130.0, 74.0, 30.0, 716.0, 0.7137894350753584, 0.8905263157894737]
32 [132.0, 72.0, 31.0, 715.0, 0.7188487078459591, 0.891578947368421]
33 [130.0, 74.0, 27.0, 719.0, 0.7197264268763491, 0.8936842105263157]
34 [130.0, 74.0, 30.0, 716.0, 0.7137894350753584, 0.8905263157894737]
35 [128.0, 76.0, 28.0, 718.0, 0.7106163882474482, 0.8905263157894737]
36 [128.0, 76.0, 26.0, 720.0, 0.7145898929182873, 0.8926315789473684]
37 [128.0, 76.0, 27.0, 719.0, 0.712597601476151, 0.891578947368421]
38 [129.0, 75.0, 26.0, 720.0, 0.7181685984667754, 0.8936842105263157]
39 [128.0, 76.0, 26.0, 720.0, 0.7145898929182873, 0.8926315789473684]
40 [130.0, 74.0, 28.0, 718.0, 0.7177364863209761, 0.8926315789473684]
41 [128.0, 76.0, 27.0, 719.0, 0.712597601476151, 0.891578947368421]
42 [129.0, 75.0, 27.0, 719.0, 0.7161719103133232, 0.8926315789473684]
43 [131.0, 73.0, 27.0, 719.0, 0.7232613151070304, 0.8947368421052632]
44 [127.0, 77.0, 27.0, 719.0, 0.7090033345922131, 0.8905263157894737]
45 [129.0, 75.0, 29.0, 717.0, 0.7122116575747154, 0.8905263157894737]
46 [127.0, 77.0, 27.0, 719.0, 0.7090033345922131, 0.8905263157894737]
47 [129.0, 75.0, 26.0, 720.0, 0.7181685984667754, 0.8936842105263157]
48 [129.0, 75.0, 29.0, 717.0, 0.7122116575747154, 0.8905263157894737]
49 [130.0, 74.0, 29.0, 717.0, 0.7157575192271806, 0.891578947368421]
50 [130.0, 74.0, 30.0, 716.0, 0.7137894350753584, 0.8905263157894737]
[130.0, 74.0, 30.0, 716.0, 0.7137894350753584, 0.8905263157894737]
precious=0.637251778178	recall=0.812494921907	f_scores=0.713789435075
p_avg=0.754658595664	r_avg=0.734265266108	f_avg=0.741507951824
