1 [154.0, 72.0, 197.0, 527.0, 0.5333175345352144, 0.716842105263158]
2 [183.0, 43.0, 216.0, 508.0, 0.5851367986757318, 0.7273684210526316]
3 [183.0, 43.0, 172.0, 552.0, 0.6294712035322246, 0.7736842105263158]
4 [171.0, 55.0, 106.0, 618.0, 0.6794232736878194, 0.8305263157894737]
5 [184.0, 42.0, 122.0, 602.0, 0.6912383742188145, 0.8273684210526315]
6 [179.0, 47.0, 97.0, 627.0, 0.7126498727451342, 0.848421052631579]
7 [196.0, 30.0, 138.0, 586.0, 0.6995164276585739, 0.8231578947368421]
8 [187.0, 39.0, 104.0, 620.0, 0.7229096947531936, 0.8494736842105263]
9 [183.0, 43.0, 89.0, 635.0, 0.734441407668708, 0.8610526315789474]
10 [177.0, 49.0, 77.0, 647.0, 0.7369989649249484, 0.8673684210526316]
11 [171.0, 55.0, 72.0, 652.0, 0.7287089764236163, 0.8663157894736843]
12 [166.0, 60.0, 64.0, 660.0, 0.7275673637219606, 0.8694736842105263]
13 [165.0, 61.0, 61.0, 663.0, 0.7295856073008536, 0.871578947368421]
14 [164.0, 62.0, 58.0, 666.0, 0.7316399696994059, 0.8736842105263158]
15 [165.0, 61.0, 58.0, 666.0, 0.7344636808614744, 0.8747368421052631]
16 [164.0, 62.0, 60.0, 664.0, 0.7283860020142405, 0.871578947368421]
17 [163.0, 63.0, 57.0, 667.0, 0.7304388584433394, 0.8736842105263158]
18 [166.0, 60.0, 57.0, 667.0, 0.7389180019586461, 0.8768421052631579]
19 [165.0, 61.0, 58.0, 666.0, 0.7344636808614744, 0.8747368421052631]
20 [167.0, 59.0, 57.0, 667.0, 0.7417192699357046, 0.8778947368421053]
21 [168.0, 58.0, 56.0, 668.0, 0.7461636926249924, 0.88]
22 [166.0, 60.0, 57.0, 667.0, 0.7389180019586461, 0.8768421052631579]
23 [165.0, 61.0, 55.0, 669.0, 0.7394074239523676, 0.8778947368421053]
24 [164.0, 62.0, 53.0, 671.0, 0.7399035213809865, 0.8789473684210526]
25 [164.0, 62.0, 53.0, 671.0, 0.7399035213809865, 0.8789473684210526]
26 [163.0, 63.0, 55.0, 669.0, 0.7337314292505426, 0.8757894736842106]
27 [164.0, 62.0, 56.0, 668.0, 0.7349231411852443, 0.8757894736842106]
28 [164.0, 62.0, 53.0, 671.0, 0.7399035213809865, 0.8789473684210526]
29 [166.0, 60.0, 55.0, 669.0, 0.7422263821754272, 0.8789473684210526]
30 [163.0, 63.0, 50.0, 674.0, 0.7420942021159154, 0.8810526315789474]
31 [164.0, 62.0, 54.0, 670.0, 0.7382359113925661, 0.8778947368421053]
32 [165.0, 61.0, 48.0, 676.0, 0.7512057738492853, 0.8852631578947369]
33 [165.0, 61.0, 49.0, 675.0, 0.7494972954396186, 0.8842105263157894]
34 [166.0, 60.0, 47.0, 677.0, 0.7557615597527061, 0.8873684210526316]
35 [164.0, 62.0, 49.0, 675.0, 0.746649987970206, 0.8831578947368421]
36 [163.0, 63.0, 49.0, 675.0, 0.7437896846711238, 0.8821052631578947]
37 [162.0, 64.0, 49.0, 675.0, 0.7409162963645279, 0.8810526315789474]
38 [162.0, 64.0, 48.0, 676.0, 0.7426168658950387, 0.8821052631578947]
39 [163.0, 63.0, 49.0, 675.0, 0.7437896846711238, 0.8821052631578947]
40 [162.0, 64.0, 50.0, 674.0, 0.7392234975420251, 0.88]
41 [160.0, 66.0, 49.0, 675.0, 0.7351299039190631, 0.8789473684210526]
42 [161.0, 65.0, 48.0, 676.0, 0.7397275818281767, 0.8810526315789474]
43 [162.0, 64.0, 52.0, 672.0, 0.7358609999418526, 0.8778947368421053]
44 [160.0, 66.0, 51.0, 673.0, 0.7317630243774396, 0.8768421052631579]
45 [161.0, 65.0, 50.0, 674.0, 0.7363396603579512, 0.8789473684210526]
46 [161.0, 65.0, 50.0, 674.0, 0.7363396603579512, 0.8789473684210526]
47 [162.0, 64.0, 49.0, 675.0, 0.7409162963645279, 0.8810526315789474]
48 [161.0, 65.0, 52.0, 672.0, 0.7329826304835476, 0.8768421052631579]
49 [162.0, 64.0, 49.0, 675.0, 0.7409162963645279, 0.8810526315789474]
50 [160.0, 66.0, 54.0, 670.0, 0.726770136404825, 0.8736842105263158]
[160.0, 66.0, 54.0, 670.0, 0.726770136404825, 0.8736842105263158]
precious=0.707961469197	recall=0.747660057663	f_scores=0.726770136405
p_avg=0.771275914293	r_avg=0.721120937043	f_avg=0.743974164815
