1 [51.0, 152.0, 31.0, 716.0, 0.3574828191167851, 0.8073684210526316]
2 [72.0, 131.0, 28.0, 719.0, 0.4748025757368896, 0.8326315789473684]
3 [80.0, 123.0, 23.0, 724.0, 0.5224261782266344, 0.8463157894736842]
4 [108.0, 95.0, 34.0, 713.0, 0.6255993324839937, 0.8642105263157894]
5 [131.0, 72.0, 49.0, 698.0, 0.6835717005653867, 0.8726315789473684]
6 [137.0, 66.0, 55.0, 692.0, 0.6931681211760462, 0.8726315789473684]
7 [139.0, 64.0, 52.0, 695.0, 0.7050809919362613, 0.8778947368421053]
8 [129.0, 74.0, 43.0, 704.0, 0.6875001057047797, 0.8768421052631579]
9 [132.0, 71.0, 44.0, 703.0, 0.6960691375987177, 0.8789473684210526]
10 [134.0, 69.0, 50.0, 697.0, 0.6920044453114461, 0.8747368421052631]
11 [133.0, 70.0, 46.0, 701.0, 0.6958337623703258, 0.8778947368421053]
12 [136.0, 67.0, 47.0, 700.0, 0.7041612562827967, 0.88]
13 [136.0, 67.0, 50.0, 697.0, 0.698726507619649, 0.8768421052631579]
14 [141.0, 62.0, 51.0, 696.0, 0.7134211729919849, 0.8810526315789474]
15 [139.0, 64.0, 46.0, 701.0, 0.7159925753743609, 0.8842105263157894]
16 [137.0, 66.0, 45.0, 702.0, 0.711186451160874, 0.8831578947368421]
17 [136.0, 67.0, 44.0, 703.0, 0.7096812114773936, 0.8831578947368421]
18 [134.0, 69.0, 44.0, 703.0, 0.7029108859270721, 0.8810526315789474]
19 [140.0, 63.0, 40.0, 707.0, 0.7305688208915737, 0.891578947368421]
20 [139.0, 64.0, 42.0, 705.0, 0.723456546713431, 0.888421052631579]
21 [140.0, 63.0, 42.0, 705.0, 0.7267707783153796, 0.8894736842105263]
22 [140.0, 63.0, 43.0, 704.0, 0.7248865274307528, 0.888421052631579]
23 [141.0, 62.0, 41.0, 706.0, 0.7319655541041603, 0.891578947368421]
24 [139.0, 64.0, 40.0, 707.0, 0.7272471951135968, 0.8905263157894737]
25 [140.0, 63.0, 41.0, 706.0, 0.7286648504730824, 0.8905263157894737]
26 [142.0, 61.0, 39.0, 708.0, 0.7390814580957137, 0.8947368421052632]
27 [140.0, 63.0, 40.0, 707.0, 0.7305688208915737, 0.891578947368421]
28 [142.0, 61.0, 40.0, 707.0, 0.7371603299270049, 0.8936842105263157]
29 [143.0, 60.0, 40.0, 707.0, 0.7404304811611077, 0.8947368421052632]
30 [144.0, 59.0, 40.0, 707.0, 0.7436837398834417, 0.8957894736842106]
31 [142.0, 61.0, 40.0, 707.0, 0.7371603299270049, 0.8936842105263157]
32 [144.0, 59.0, 40.0, 707.0, 0.7436837398834417, 0.8957894736842106]
33 [143.0, 60.0, 40.0, 707.0, 0.7404304811611077, 0.8947368421052632]
34 [145.0, 58.0, 42.0, 705.0, 0.7430871067245971, 0.8947368421052632]
35 [143.0, 60.0, 43.0, 704.0, 0.7347160223962949, 0.891578947368421]
36 [146.0, 57.0, 41.0, 706.0, 0.7482152832624632, 0.8968421052631579]
37 [147.0, 56.0, 43.0, 704.0, 0.7475886763234195, 0.8957894736842106]
38 [147.0, 56.0, 41.0, 706.0, 0.7514153796044855, 0.8978947368421053]
39 [148.0, 55.0, 42.0, 705.0, 0.7526777066991325, 0.8978947368421053]
40 [148.0, 55.0, 44.0, 703.0, 0.748864014994887, 0.8957894736842106]
41 [147.0, 56.0, 43.0, 704.0, 0.7475886763234195, 0.8957894736842106]
42 [147.0, 56.0, 43.0, 704.0, 0.7475886763234195, 0.8957894736842106]
43 [149.0, 54.0, 44.0, 703.0, 0.752022102326367, 0.8968421052631579]
44 [147.0, 56.0, 44.0, 703.0, 0.7456899036350033, 0.8947368421052632]
45 [148.0, 55.0, 44.0, 703.0, 0.748864014994887, 0.8957894736842106]
46 [149.0, 54.0, 44.0, 703.0, 0.752022102326367, 0.8968421052631579]
47 [150.0, 53.0, 44.0, 703.0, 0.7551642866662558, 0.8978947368421053]
48 [149.0, 54.0, 44.0, 703.0, 0.752022102326367, 0.8968421052631579]
49 [150.0, 53.0, 44.0, 703.0, 0.7551642866662558, 0.8978947368421053]
50 [150.0, 53.0, 44.0, 703.0, 0.7551642866662558, 0.8978947368421053]
[150.0, 53.0, 44.0, 703.0, 0.7551642866662558, 0.8978947368421053]
precious=0.738912616194	recall=0.773191890763	f_scores=0.755164286666
p_avg=0.734936686369	r_avg=0.761593992267	f_avg=0.747510398661
