1 [55.0, 144.0, 36.0, 715.0, 0.3788775623709274, 0.8105263157894737]
2 [85.0, 114.0, 43.0, 708.0, 0.5193985038215929, 0.8347368421052631]
3 [101.0, 98.0, 45.0, 706.0, 0.5850160587847058, 0.8494736842105263]
4 [131.0, 68.0, 56.0, 695.0, 0.6782538103992533, 0.8694736842105263]
5 [143.0, 56.0, 72.0, 679.0, 0.6903190261044204, 0.8652631578947368]
6 [139.0, 60.0, 65.0, 686.0, 0.6893233182942688, 0.868421052631579]
7 [143.0, 56.0, 61.0, 690.0, 0.7091743262835537, 0.8768421052631579]
8 [147.0, 52.0, 52.0, 699.0, 0.7381900935360131, 0.8905263157894737]
9 [149.0, 50.0, 55.0, 696.0, 0.7389508392855652, 0.8894736842105263]
10 [151.0, 48.0, 57.0, 694.0, 0.7415116766252631, 0.8894736842105263]
11 [151.0, 48.0, 52.0, 699.0, 0.7507404255810496, 0.8947368421052632]
12 [150.0, 49.0, 53.0, 698.0, 0.7457653281698353, 0.8926315789473684]
13 [153.0, 46.0, 52.0, 699.0, 0.7569224329464513, 0.8968421052631579]
14 [152.0, 47.0, 54.0, 697.0, 0.7501140592232822, 0.8936842105263157]
15 [154.0, 45.0, 57.0, 694.0, 0.7507166080430004, 0.8926315789473684]
16 [154.0, 45.0, 57.0, 694.0, 0.7507166080430004, 0.8926315789473684]
17 [152.0, 47.0, 58.0, 693.0, 0.7427733463351617, 0.8894736842105263]
18 [153.0, 46.0, 58.0, 693.0, 0.7458385852262601, 0.8905263157894737]
19 [152.0, 47.0, 56.0, 695.0, 0.7464256551804863, 0.891578947368421]
20 [151.0, 48.0, 50.0, 701.0, 0.754496568410548, 0.8968421052631579]
21 [151.0, 48.0, 51.0, 700.0, 0.7526138104882881, 0.8957894736842106]
22 [151.0, 48.0, 51.0, 700.0, 0.7526138104882881, 0.8957894736842106]
23 [152.0, 47.0, 47.0, 704.0, 0.7633155842999231, 0.9010526315789473]
24 [150.0, 49.0, 48.0, 703.0, 0.7551640332116298, 0.8978947368421053]
25 [149.0, 50.0, 41.0, 710.0, 0.7655634928419078, 0.9042105263157895]
26 [148.0, 51.0, 41.0, 710.0, 0.7623833247336277, 0.9031578947368422]
27 [148.0, 51.0, 42.0, 709.0, 0.7604221333006231, 0.9021052631578947]
28 [147.0, 52.0, 41.0, 710.0, 0.7591867287419366, 0.9021052631578947]
29 [147.0, 52.0, 38.0, 713.0, 0.7651220024412521, 0.9052631578947369]
30 [147.0, 52.0, 39.0, 712.0, 0.7631332932112341, 0.9042105263157895]
31 [144.0, 55.0, 34.0, 717.0, 0.7634235532180803, 0.9063157894736842]
32 [143.0, 56.0, 36.0, 715.0, 0.7561114814671267, 0.9031578947368422]
33 [143.0, 56.0, 34.0, 717.0, 0.7601362898874867, 0.9052631578947369]
34 [142.0, 57.0, 33.0, 718.0, 0.7588566133040292, 0.9052631578947369]
35 [141.0, 58.0, 32.0, 719.0, 0.7575632093485939, 0.9052631578947369]
36 [142.0, 57.0, 30.0, 721.0, 0.7649974967271196, 0.9084210526315789]
37 [142.0, 57.0, 32.0, 719.0, 0.7608925906401665, 0.9063157894736842]
38 [142.0, 57.0, 32.0, 719.0, 0.7608925906401665, 0.9063157894736842]
39 [140.0, 59.0, 33.0, 718.0, 0.7521868964971006, 0.9031578947368422]
40 [142.0, 57.0, 30.0, 721.0, 0.7649974967271196, 0.9084210526315789]
41 [142.0, 57.0, 31.0, 720.0, 0.7629395222328773, 0.9073684210526316]
42 [141.0, 58.0, 33.0, 718.0, 0.7555306914002035, 0.9042105263157895]
43 [141.0, 58.0, 33.0, 718.0, 0.7555306914002035, 0.9042105263157895]
44 [141.0, 58.0, 32.0, 719.0, 0.7575632093485939, 0.9052631578947369]
45 [141.0, 58.0, 33.0, 718.0, 0.7555306914002035, 0.9042105263157895]
46 [141.0, 58.0, 31.0, 720.0, 0.7596066924973156, 0.9063157894736842]
47 [141.0, 58.0, 33.0, 718.0, 0.7555306914002035, 0.9042105263157895]
48 [141.0, 58.0, 30.0, 721.0, 0.7616612298203608, 0.9073684210526316]
49 [139.0, 60.0, 30.0, 721.0, 0.7549343262065232, 0.9052631578947369]
50 [141.0, 58.0, 33.0, 718.0, 0.7555306914002035, 0.9042105263157895]
[141.0, 58.0, 33.0, 718.0, 0.7555306914002035, 0.9042105263157895]
precious=0.70853915307	recall=0.810340170459	f_scores=0.7555306914
p_avg=0.745279466144	r_avg=0.751869430512	f_avg=0.747225462526
