1 [56.0, 154.0, 28.0, 712.0, 0.3805420617978145, 0.8084210526315789]
2 [78.0, 132.0, 35.0, 705.0, 0.48251466614399324, 0.8242105263157895]
3 [90.0, 120.0, 39.0, 701.0, 0.5304992823575982, 0.8326315789473684]
4 [94.0, 116.0, 39.0, 701.0, 0.5476273688296791, 0.8368421052631579]
5 [111.0, 99.0, 47.0, 693.0, 0.6027679720519562, 0.8463157894736842]
6 [112.0, 98.0, 42.0, 698.0, 0.61489345530072, 0.8526315789473684]
7 [116.0, 94.0, 42.0, 698.0, 0.6299417202825791, 0.8568421052631578]
8 [121.0, 89.0, 38.0, 702.0, 0.6553329212608044, 0.8663157894736843]
9 [117.0, 93.0, 35.0, 705.0, 0.6459184705971877, 0.8652631578947368]
10 [122.0, 88.0, 36.0, 704.0, 0.6625502200112972, 0.8694736842105263]
11 [131.0, 79.0, 36.0, 704.0, 0.694463380202023, 0.8789473684210526]
12 [131.0, 79.0, 34.0, 706.0, 0.6981704877377601, 0.8810526315789474]
13 [133.0, 77.0, 37.0, 703.0, 0.6995022049443103, 0.88]
14 [142.0, 68.0, 40.0, 700.0, 0.7239889918807886, 0.8863157894736842]
15 [138.0, 72.0, 36.0, 704.0, 0.7182509925205742, 0.8863157894736842]
16 [145.0, 65.0, 47.0, 693.0, 0.7208907931907652, 0.8821052631578947]
17 [144.0, 66.0, 43.0, 697.0, 0.7249391717122137, 0.8852631578947369]
18 [144.0, 66.0, 46.0, 694.0, 0.7194979952563667, 0.8821052631578947]
19 [147.0, 63.0, 49.0, 691.0, 0.7236353025764944, 0.8821052631578947]
20 [143.0, 67.0, 49.0, 691.0, 0.7109405987587929, 0.8778947368421053]
21 [144.0, 66.0, 50.0, 690.0, 0.7123688916617703, 0.8778947368421053]
22 [145.0, 65.0, 48.0, 692.0, 0.7191006421150097, 0.8810526315789474]
23 [146.0, 64.0, 48.0, 692.0, 0.722269827963876, 0.8821052631578947]
24 [143.0, 67.0, 47.0, 693.0, 0.7144980226689004, 0.88]
25 [145.0, 65.0, 50.0, 690.0, 0.7155468804912957, 0.8789473684210526]
26 [143.0, 67.0, 45.0, 695.0, 0.7180912270875814, 0.8821052631578947]
27 [144.0, 66.0, 48.0, 692.0, 0.715915695958052, 0.88]
28 [143.0, 67.0, 48.0, 692.0, 0.7127148716363985, 0.8789473684210526]
29 [144.0, 66.0, 47.0, 693.0, 0.7177023755132074, 0.8810526315789474]
30 [144.0, 66.0, 44.0, 696.0, 0.7231163250660203, 0.8842105263157894]
31 [143.0, 67.0, 45.0, 695.0, 0.7180912270875814, 0.8821052631578947]
32 [141.0, 69.0, 45.0, 695.0, 0.7116198003440918, 0.88]
33 [141.0, 69.0, 46.0, 694.0, 0.709825904996766, 0.8789473684210526]
34 [144.0, 66.0, 46.0, 694.0, 0.7194979952563667, 0.8821052631578947]
35 [145.0, 65.0, 49.0, 691.0, 0.7173193597963438, 0.88]
36 [142.0, 68.0, 46.0, 694.0, 0.7130661291428929, 0.88]
37 [143.0, 67.0, 51.0, 689.0, 0.7074184235608468, 0.8757894736842106]
38 [143.0, 67.0, 51.0, 689.0, 0.7074184235608468, 0.8757894736842106]
39 [146.0, 64.0, 50.0, 690.0, 0.7187092208243088, 0.88]
40 [147.0, 63.0, 51.0, 689.0, 0.7200854816384267, 0.88]
41 [147.0, 63.0, 53.0, 687.0, 0.7165703182539442, 0.8778947368421053]
42 [145.0, 65.0, 51.0, 689.0, 0.713783139104594, 0.8778947368421053]
43 [147.0, 63.0, 52.0, 688.0, 0.7183235995516092, 0.8789473684210526]
44 [147.0, 63.0, 54.0, 686.0, 0.714825574920462, 0.8768421052631579]
45 [145.0, 65.0, 51.0, 689.0, 0.713783139104594, 0.8778947368421053]
46 [147.0, 63.0, 54.0, 686.0, 0.714825574920462, 0.8768421052631579]
47 [147.0, 63.0, 54.0, 686.0, 0.714825574920462, 0.8768421052631579]
48 [149.0, 61.0, 54.0, 686.0, 0.7210466323086157, 0.8789473684210526]
49 [148.0, 62.0, 53.0, 687.0, 0.719691728933648, 0.8789473684210526]
50 [149.0, 61.0, 54.0, 686.0, 0.7210466323086157, 0.8789473684210526]
[149.0, 61.0, 54.0, 686.0, 0.7210466323086157, 0.8789473684210526]
precious=0.709520430855	recall=0.733986532086	f_scores=0.721046632309
p_avg=0.748719512298	r_avg=0.751086809498	f_avg=0.748989895095
