1 [100.0, 142.0, 60.0, 648.0, 0.4970312274830674, 0.7873684210526316]
2 [141.0, 101.0, 69.0, 639.0, 0.6233939471652745, 0.8210526315789474]
3 [152.0, 90.0, 59.0, 649.0, 0.6705814251589002, 0.8431578947368421]
4 [148.0, 94.0, 41.0, 667.0, 0.6862796686828969, 0.8578947368421053]
5 [155.0, 87.0, 33.0, 675.0, 0.7204351003751599, 0.8736842105263158]
6 [159.0, 83.0, 40.0, 668.0, 0.7205902586865028, 0.8705263157894737]
7 [156.0, 86.0, 28.0, 680.0, 0.7319005246882543, 0.88]
8 [153.0, 89.0, 29.0, 679.0, 0.721205053799364, 0.8757894736842106]
9 [154.0, 88.0, 26.0, 682.0, 0.7293654811239167, 0.88]
10 [156.0, 86.0, 27.0, 681.0, 0.7336241556276971, 0.8810526315789474]
11 [158.0, 84.0, 32.0, 676.0, 0.7309856711729494, 0.8778947368421053]
12 [159.0, 83.0, 32.0, 676.0, 0.7339149604188446, 0.8789473684210526]
13 [165.0, 77.0, 35.0, 673.0, 0.7461077997687766, 0.8821052631578947]
14 [168.0, 74.0, 35.0, 673.0, 0.7545569524911355, 0.8852631578947369]
15 [168.0, 74.0, 31.0, 677.0, 0.761406381912517, 0.8894736842105263]
16 [168.0, 74.0, 31.0, 677.0, 0.761406381912517, 0.8894736842105263]
17 [170.0, 72.0, 30.0, 678.0, 0.7687321221265263, 0.8926315789473684]
18 [170.0, 72.0, 30.0, 678.0, 0.7687321221265263, 0.8926315789473684]
19 [172.0, 70.0, 30.0, 678.0, 0.7742756601459142, 0.8947368421052632]
20 [172.0, 70.0, 29.0, 679.0, 0.7760247953382828, 0.8957894736842106]
21 [171.0, 71.0, 29.0, 679.0, 0.7732569866658143, 0.8947368421052632]
22 [172.0, 70.0, 31.0, 677.0, 0.7725343922111151, 0.8936842105263157]
23 [173.0, 69.0, 32.0, 676.0, 0.7735494978147156, 0.8936842105263157]
24 [174.0, 68.0, 30.0, 678.0, 0.7797695045556098, 0.8968421052631579]
25 [176.0, 66.0, 31.0, 677.0, 0.7834642262080949, 0.8978947368421053]
26 [174.0, 68.0, 33.0, 675.0, 0.7745555835378612, 0.8936842105263157]
27 [173.0, 69.0, 34.0, 674.0, 0.7701012622340807, 0.891578947368421]
28 [173.0, 69.0, 31.0, 677.0, 0.7752852215547014, 0.8947368421052632]
29 [171.0, 71.0, 30.0, 678.0, 0.7715101448824906, 0.8936842105263157]
30 [174.0, 68.0, 33.0, 675.0, 0.7745555835378612, 0.8936842105263157]
31 [172.0, 70.0, 32.0, 676.0, 0.7708009385749761, 0.8926315789473684]
32 [172.0, 70.0, 35.0, 673.0, 0.765646940951676, 0.8894736842105263]
33 [174.0, 68.0, 36.0, 672.0, 0.7694109250586421, 0.8905263157894737]
34 [173.0, 69.0, 36.0, 672.0, 0.7666836324791991, 0.8894736842105263]
35 [172.0, 70.0, 37.0, 671.0, 0.7622490642161721, 0.8873684210526316]
36 [174.0, 68.0, 38.0, 670.0, 0.7660189533805083, 0.888421052631579]
37 [173.0, 69.0, 38.0, 670.0, 0.7632962028739517, 0.8873684210526316]
38 [176.0, 66.0, 38.0, 670.0, 0.7714286453182426, 0.8905263157894737]
39 [175.0, 67.0, 40.0, 668.0, 0.7653630501239491, 0.8873684210526316]
40 [175.0, 67.0, 40.0, 668.0, 0.7653630501239491, 0.8873684210526316]
41 [176.0, 66.0, 41.0, 667.0, 0.7663829971863263, 0.8873684210526316]
42 [178.0, 64.0, 42.0, 666.0, 0.7700608913456216, 0.888421052631579]
43 [179.0, 63.0, 43.0, 665.0, 0.771049650056081, 0.888421052631579]
44 [180.0, 62.0, 46.0, 662.0, 0.7687283903714104, 0.8863157894736842]
45 [180.0, 62.0, 45.0, 663.0, 0.7703756287416427, 0.8873684210526316]
46 [181.0, 61.0, 47.0, 661.0, 0.7697102559074036, 0.8863157894736842]
47 [181.0, 61.0, 49.0, 659.0, 0.7664465512868747, 0.8842105263157894]
48 [182.0, 60.0, 50.0, 658.0, 0.767429796834029, 0.8842105263157894]
49 [182.0, 60.0, 51.0, 657.0, 0.7658130681852924, 0.8831578947368421]
50 [183.0, 59.0, 51.0, 657.0, 0.7684047983097269, 0.8842105263157894]
[183.0, 59.0, 51.0, 657.0, 0.7684047983097269, 0.8842105263157894]
precious=0.756195222334	recall=0.782047939966	f_scores=0.76840479831
p_avg=0.756195222334	r_avg=0.782047939966	f_avg=0.76840479831
