1 [41.0, 156.0, 23.0, 730.0, 0.31380410653069246, 0.8115789473684211]
2 [82.0, 115.0, 48.0, 705.0, 0.501047431925358, 0.828421052631579]
3 [96.0, 101.0, 42.0, 711.0, 0.5726468247324383, 0.8494736842105263]
4 [115.0, 82.0, 44.0, 709.0, 0.6455698608782656, 0.8673684210526316]
5 [128.0, 69.0, 56.0, 697.0, 0.6714134364359243, 0.868421052631579]
6 [115.0, 82.0, 47.0, 706.0, 0.64017008944709, 0.8642105263157894]
7 [125.0, 72.0, 46.0, 707.0, 0.6788469939076388, 0.8757894736842106]
8 [139.0, 58.0, 78.0, 675.0, 0.6709958777773246, 0.8568421052631578]
9 [146.0, 51.0, 91.0, 662.0, 0.6723125716698133, 0.8505263157894737]
10 [129.0, 68.0, 69.0, 684.0, 0.6526616354772373, 0.8557894736842105]
11 [151.0, 46.0, 91.0, 662.0, 0.6874295822320531, 0.8557894736842105]
12 [148.0, 49.0, 90.0, 663.0, 0.6799614439789728, 0.8536842105263158]
13 [151.0, 46.0, 97.0, 656.0, 0.6781555610856201, 0.8494736842105263]
14 [152.0, 45.0, 93.0, 660.0, 0.6872859446471387, 0.8547368421052631]
15 [152.0, 45.0, 93.0, 660.0, 0.6872859446471387, 0.8547368421052631]
16 [153.0, 44.0, 99.0, 654.0, 0.6810192989539413, 0.8494736842105263]
17 [149.0, 48.0, 58.0, 695.0, 0.7371207554145178, 0.888421052631579]
18 [151.0, 46.0, 89.0, 664.0, 0.6905775476585423, 0.8578947368421053]
19 [152.0, 45.0, 83.0, 670.0, 0.7032046640788481, 0.8652631578947368]
20 [152.0, 45.0, 81.0, 672.0, 0.7064773089374939, 0.8673684210526316]
21 [153.0, 44.0, 86.0, 667.0, 0.7013366320764983, 0.8631578947368421]
22 [152.0, 45.0, 80.0, 673.0, 0.7081250809331687, 0.868421052631579]
23 [149.0, 48.0, 52.0, 701.0, 0.7482403401879836, 0.8947368421052632]
24 [148.0, 49.0, 49.0, 704.0, 0.7507655545545816, 0.8968421052631579]
25 [148.0, 49.0, 50.0, 703.0, 0.7488636309574791, 0.8957894736842106]
26 [148.0, 49.0, 50.0, 703.0, 0.7488636309574791, 0.8957894736842106]
27 [148.0, 49.0, 51.0, 702.0, 0.7469713193430229, 0.8947368421052632]
28 [148.0, 49.0, 48.0, 705.0, 0.7526771635567956, 0.8978947368421053]
29 [147.0, 50.0, 48.0, 705.0, 0.7494965195998095, 0.8968421052631579]
30 [147.0, 50.0, 47.0, 706.0, 0.75141467411776, 0.8978947368421053]
31 [146.0, 51.0, 45.0, 708.0, 0.7520738917224677, 0.8989473684210526]
32 [145.0, 52.0, 45.0, 708.0, 0.748850629322926, 0.8978947368421053]
33 [146.0, 51.0, 44.0, 709.0, 0.7540185589910411, 0.9]
34 [146.0, 51.0, 43.0, 710.0, 0.7559733091377697, 0.9010526315789473]
35 [146.0, 51.0, 46.0, 707.0, 0.7501392295193635, 0.8978947368421053]
36 [147.0, 50.0, 44.0, 709.0, 0.7572285020718058, 0.9010526315789473]
37 [145.0, 52.0, 43.0, 710.0, 0.7527434448431851, 0.9]
38 [145.0, 52.0, 41.0, 712.0, 0.7566769445804399, 0.9021052631578947]
39 [146.0, 51.0, 44.0, 709.0, 0.7540185589910411, 0.9]
40 [146.0, 51.0, 41.0, 712.0, 0.7599133733719647, 0.9031578947368422]
41 [145.0, 52.0, 43.0, 710.0, 0.7527434448431851, 0.9]
42 [147.0, 50.0, 42.0, 711.0, 0.7611546271985243, 0.9031578947368422]
43 [146.0, 51.0, 44.0, 709.0, 0.7540185589910411, 0.9]
44 [146.0, 51.0, 44.0, 709.0, 0.7540185589910411, 0.9]
45 [147.0, 50.0, 45.0, 708.0, 0.7552805889985423, 0.9]
46 [146.0, 51.0, 43.0, 710.0, 0.7559733091377697, 0.9010526315789473]
47 [146.0, 51.0, 42.0, 711.0, 0.7579382207843371, 0.9021052631578947]
48 [147.0, 50.0, 46.0, 707.0, 0.7533426719295417, 0.8989473684210526]
49 [146.0, 51.0, 44.0, 709.0, 0.7540185589910411, 0.9]
50 [146.0, 51.0, 49.0, 704.0, 0.7443945070941171, 0.8947368421052632]
[146.0, 51.0, 49.0, 704.0, 0.7443945070941171, 0.8947368421052632]
precious=0.741112989274	recall=0.748714109158	f_scores=0.744394507094
p_avg=0.641990694566	r_avg=0.826952244602	f_avg=0.720538562241
