1 [0.0, 87.0, 0.0, 463.0, 0.0, 0.8418181818181818]
2 [4.0, 83.0, 1.0, 462.0, 0.0868519472741618, 0.8472727272727273]
3 [18.0, 69.0, 3.0, 460.0, 0.3330141762468046, 0.8690909090909091]
4 [29.0, 58.0, 8.0, 455.0, 0.4673160587674529, 0.88]
5 [35.0, 52.0, 7.0, 456.0, 0.5421884430332874, 0.8927272727272727]
6 [37.0, 50.0, 8.0, 455.0, 0.5601485449455456, 0.8945454545454545]
7 [42.0, 45.0, 8.0, 455.0, 0.6126665541471986, 0.9036363636363637]
8 [53.0, 34.0, 15.0, 448.0, 0.6833700109398764, 0.9109090909090909]
9 [56.0, 31.0, 17.0, 446.0, 0.6994954295891292, 0.9127272727272727]
10 [60.0, 27.0, 18.0, 445.0, 0.7267657409975351, 0.9181818181818182]
11 [62.0, 25.0, 20.0, 443.0, 0.7332199051358682, 0.9181818181818182]
12 [62.0, 25.0, 18.0, 445.0, 0.7420072915231688, 0.9218181818181819]
13 [62.0, 25.0, 22.0, 441.0, 0.7246382158899873, 0.9145454545454546]
14 [62.0, 25.0, 26.0, 437.0, 0.7080636995857482, 0.9072727272727272]
15 [59.0, 28.0, 22.0, 441.0, 0.7018735833192145, 0.9090909090909091]
16 [58.0, 29.0, 20.0, 443.0, 0.7025236223658653, 0.9109090909090909]
17 [59.0, 28.0, 21.0, 442.0, 0.7060795951192276, 0.9109090909090909]
18 [59.0, 28.0, 19.0, 444.0, 0.7146446815820514, 0.9145454545454546]
19 [58.0, 29.0, 22.0, 441.0, 0.6941036967092787, 0.9072727272727272]
20 [58.0, 29.0, 19.0, 444.0, 0.7068106570074474, 0.9127272727272727]
21 [58.0, 29.0, 19.0, 444.0, 0.7068106570074474, 0.9127272727272727]
22 [58.0, 29.0, 19.0, 444.0, 0.7068106570074474, 0.9127272727272727]
23 [57.0, 30.0, 18.0, 445.0, 0.7031981106589278, 0.9127272727272727]
24 [59.0, 28.0, 17.0, 446.0, 0.723420116948605, 0.9181818181818182]
25 [57.0, 30.0, 15.0, 448.0, 0.7164769057017423, 0.9181818181818182]
26 [56.0, 31.0, 17.0, 446.0, 0.6994954295891292, 0.9127272727272727]
27 [57.0, 30.0, 16.0, 447.0, 0.7119952671795756, 0.9163636363636364]
28 [58.0, 29.0, 18.0, 445.0, 0.7111503347397562, 0.9145454545454546]
29 [57.0, 30.0, 17.0, 446.0, 0.7075693463793341, 0.9145454545454546]
30 [58.0, 29.0, 17.0, 446.0, 0.715543631207574, 0.9163636363636364]
31 [57.0, 30.0, 14.0, 449.0, 0.721015320752388, 0.92]
32 [56.0, 31.0, 16.0, 447.0, 0.7038984536768641, 0.9145454545454546]
33 [56.0, 31.0, 15.0, 448.0, 0.708357259185785, 0.9163636363636364]
34 [56.0, 31.0, 16.0, 447.0, 0.7038984536768641, 0.9145454545454546]
35 [56.0, 31.0, 15.0, 448.0, 0.708357259185785, 0.9163636363636364]
36 [57.0, 30.0, 16.0, 447.0, 0.7119952671795756, 0.9163636363636364]
37 [57.0, 30.0, 15.0, 448.0, 0.7164769057017423, 0.9181818181818182]
38 [58.0, 29.0, 15.0, 448.0, 0.7244951049823425, 0.92]
39 [57.0, 30.0, 15.0, 448.0, 0.7164769057017423, 0.9181818181818182]
40 [57.0, 30.0, 15.0, 448.0, 0.7164769057017423, 0.9181818181818182]
41 [57.0, 30.0, 15.0, 448.0, 0.7164769057017423, 0.9181818181818182]
42 [57.0, 30.0, 15.0, 448.0, 0.7164769057017423, 0.9181818181818182]
43 [57.0, 30.0, 15.0, 448.0, 0.7164769057017423, 0.9181818181818182]
44 [57.0, 30.0, 15.0, 448.0, 0.7164769057017423, 0.9181818181818182]
45 [57.0, 30.0, 15.0, 448.0, 0.7164769057017423, 0.9181818181818182]
46 [58.0, 29.0, 15.0, 448.0, 0.7244951049823425, 0.92]
47 [57.0, 30.0, 15.0, 448.0, 0.7164769057017423, 0.9181818181818182]
48 [57.0, 30.0, 15.0, 448.0, 0.7164769057017423, 0.9181818181818182]
49 [57.0, 30.0, 15.0, 448.0, 0.7164769057017423, 0.9181818181818182]
50 [58.0, 29.0, 15.0, 448.0, 0.7244951049823425, 0.92]
[58.0, 29.0, 15.0, 448.0, 0.7244951049823425, 0.92]
precious=0.666659003919	recall=0.794509664251	f_scores=0.724495104982
p_avg=0.418269846398	r_avg=0.531888371588	f_avg=0.467110803249
