1 [0.0, 67.0, 0.0, 483.0, 0.0, 0.8781818181818182]
2 [28.0, 39.0, 29.0, 454.0, 0.4511094167833944, 0.8763636363636363]
3 [37.0, 30.0, 43.0, 440.0, 0.502898910350159, 0.8672727272727273]
4 [42.0, 25.0, 56.0, 427.0, 0.5086028437473453, 0.8527272727272728]
5 [44.0, 23.0, 61.0, 422.0, 0.5111468040957537, 0.8472727272727273]
6 [42.0, 25.0, 65.0, 418.0, 0.4822799588862894, 0.8363636363636363]
7 [46.0, 21.0, 69.0, 414.0, 0.5050241560845804, 0.8363636363636363]
8 [48.0, 19.0, 71.0, 412.0, 0.515662972620978, 0.8363636363636363]
9 [41.0, 26.0, 53.0, 430.0, 0.5088249681535907, 0.8563636363636363]
10 [36.0, 31.0, 36.0, 447.0, 0.5174792864674894, 0.8781818181818182]
11 [39.0, 28.0, 35.0, 448.0, 0.5526853243821109, 0.8854545454545455]
12 [38.0, 29.0, 34.0, 449.0, 0.5462558255442498, 0.8854545454545455]
13 [39.0, 28.0, 34.0, 449.0, 0.5566362630914039, 0.8872727272727273]
14 [39.0, 28.0, 33.0, 450.0, 0.5606440960544273, 0.889090909090909]
15 [35.0, 32.0, 29.0, 454.0, 0.5338437162814362, 0.889090909090909]
16 [38.0, 29.0, 36.0, 447.0, 0.538501140225999, 0.8818181818181818]
17 [38.0, 29.0, 34.0, 449.0, 0.5462558255442498, 0.8854545454545455]
18 [39.0, 28.0, 36.0, 447.0, 0.5487900769787717, 0.8836363636363637]
19 [36.0, 31.0, 34.0, 449.0, 0.525040487685841, 0.8818181818181818]
20 [38.0, 29.0, 35.0, 448.0, 0.5423507646282785, 0.8836363636363637]
21 [39.0, 28.0, 36.0, 447.0, 0.5487900769787717, 0.8836363636363637]
22 [38.0, 29.0, 36.0, 447.0, 0.538501140225999, 0.8818181818181818]
23 [39.0, 28.0, 35.0, 448.0, 0.5526853243821109, 0.8854545454545455]
24 [38.0, 29.0, 34.0, 449.0, 0.5462558255442498, 0.8854545454545455]
25 [38.0, 29.0, 33.0, 450.0, 0.5502175291287473, 0.8872727272727273]
26 [38.0, 29.0, 36.0, 447.0, 0.538501140225999, 0.8818181818181818]
27 [38.0, 29.0, 36.0, 447.0, 0.538501140225999, 0.8818181818181818]
28 [38.0, 29.0, 35.0, 448.0, 0.5423507646282785, 0.8836363636363637]
29 [38.0, 29.0, 33.0, 450.0, 0.5502175291287473, 0.8872727272727273]
30 [38.0, 29.0, 34.0, 449.0, 0.5462558255442498, 0.8854545454545455]
31 [38.0, 29.0, 35.0, 448.0, 0.5423507646282785, 0.8836363636363637]
32 [38.0, 29.0, 33.0, 450.0, 0.5502175291287473, 0.8872727272727273]
33 [38.0, 29.0, 35.0, 448.0, 0.5423507646282785, 0.8836363636363637]
34 [38.0, 29.0, 34.0, 449.0, 0.5462558255442498, 0.8854545454545455]
35 [38.0, 29.0, 33.0, 450.0, 0.5502175291287473, 0.8872727272727273]
36 [38.0, 29.0, 34.0, 449.0, 0.5462558255442498, 0.8854545454545455]
37 [38.0, 29.0, 34.0, 449.0, 0.5462558255442498, 0.8854545454545455]
38 [38.0, 29.0, 36.0, 447.0, 0.538501140225999, 0.8818181818181818]
39 [38.0, 29.0, 35.0, 448.0, 0.5423507646282785, 0.8836363636363637]
40 [38.0, 29.0, 35.0, 448.0, 0.5423507646282785, 0.8836363636363637]
41 [38.0, 29.0, 35.0, 448.0, 0.5423507646282785, 0.8836363636363637]
42 [38.0, 29.0, 34.0, 449.0, 0.5462558255442498, 0.8854545454545455]
43 [38.0, 29.0, 34.0, 449.0, 0.5462558255442498, 0.8854545454545455]
44 [38.0, 29.0, 35.0, 448.0, 0.5423507646282785, 0.8836363636363637]
45 [38.0, 29.0, 35.0, 448.0, 0.5423507646282785, 0.8836363636363637]
46 [38.0, 29.0, 34.0, 449.0, 0.5462558255442498, 0.8854545454545455]
47 [38.0, 29.0, 36.0, 447.0, 0.538501140225999, 0.8818181818181818]
48 [38.0, 29.0, 35.0, 448.0, 0.5423507646282785, 0.8836363636363637]
49 [38.0, 29.0, 36.0, 447.0, 0.538501140225999, 0.8818181818181818]
50 [38.0, 29.0, 35.0, 448.0, 0.5423507646282785, 0.8836363636363637]
[38.0, 29.0, 35.0, 448.0, 0.5423507646282785, 0.8836363636363637]
precious=0.567155714094	recall=0.520540814509	f_scores=0.542350764628
p_avg=0.3144264579	r_avg=0.332266665893	f_avg=0.322106902756
