1 [0.0, 68.0, 0.0, 482.0, 0.0, 0.8763636363636363]
2 [21.0, 47.0, 9.0, 473.0, 0.4281382770404385, 0.8981818181818182]
3 [30.0, 38.0, 14.0, 468.0, 0.5352281023468913, 0.9054545454545454]
4 [36.0, 32.0, 16.0, 466.0, 0.5994992904212145, 0.9127272727272727]
5 [37.0, 31.0, 25.0, 457.0, 0.5687235139689082, 0.8981818181818182]
6 [40.0, 28.0, 30.0, 452.0, 0.5792022791736062, 0.8945454545454545]
7 [46.0, 22.0, 46.0, 436.0, 0.5745044773989376, 0.8763636363636363]
8 [46.0, 22.0, 44.0, 438.0, 0.5817812167253287, 0.88]
9 [50.0, 18.0, 70.0, 412.0, 0.5314478872913021, 0.84]
10 [49.0, 19.0, 60.0, 422.0, 0.5531932918784995, 0.8563636363636363]
11 [49.0, 19.0, 38.0, 444.0, 0.6317578025875112, 0.8963636363636364]
12 [50.0, 18.0, 52.0, 430.0, 0.5877487646792752, 0.8727272727272727]
13 [47.0, 21.0, 27.0, 455.0, 0.6614637762592713, 0.9127272727272727]
14 [49.0, 19.0, 29.0, 453.0, 0.6707263961533764, 0.9127272727272727]
15 [49.0, 19.0, 28.0, 454.0, 0.6753550398719447, 0.9145454545454546]
16 [49.0, 19.0, 27.0, 455.0, 0.6800480115141401, 0.9163636363636364]
17 [49.0, 19.0, 27.0, 455.0, 0.6800480115141401, 0.9163636363636364]
18 [49.0, 19.0, 27.0, 455.0, 0.6800480115141401, 0.9163636363636364]
19 [49.0, 19.0, 26.0, 456.0, 0.6848066614878763, 0.9181818181818182]
20 [49.0, 19.0, 26.0, 456.0, 0.6848066614878763, 0.9181818181818182]
21 [49.0, 19.0, 27.0, 455.0, 0.6800480115141401, 0.9163636363636364]
22 [49.0, 19.0, 24.0, 458.0, 0.694526589734234, 0.9218181818181819]
23 [49.0, 19.0, 23.0, 459.0, 0.6994907646052704, 0.9236363636363636]
24 [49.0, 19.0, 24.0, 458.0, 0.694526589734234, 0.9218181818181819]
25 [49.0, 19.0, 24.0, 458.0, 0.694526589734234, 0.9218181818181819]
26 [49.0, 19.0, 21.0, 461.0, 0.7096350923973354, 0.9272727272727272]
27 [49.0, 19.0, 20.0, 462.0, 0.7148184004068546, 0.9290909090909091]
28 [49.0, 19.0, 20.0, 462.0, 0.7148184004068546, 0.9290909090909091]
29 [49.0, 19.0, 20.0, 462.0, 0.7148184004068546, 0.9290909090909091]
30 [49.0, 19.0, 20.0, 462.0, 0.7148184004068546, 0.9290909090909091]
31 [49.0, 19.0, 20.0, 462.0, 0.7148184004068546, 0.9290909090909091]
32 [49.0, 19.0, 21.0, 461.0, 0.7096350923973354, 0.9272727272727272]
33 [49.0, 19.0, 21.0, 461.0, 0.7096350923973354, 0.9272727272727272]
34 [49.0, 19.0, 20.0, 462.0, 0.7148184004068546, 0.9290909090909091]
35 [49.0, 19.0, 22.0, 460.0, 0.7045264138827394, 0.9254545454545454]
36 [49.0, 19.0, 21.0, 461.0, 0.7096350923973354, 0.9272727272727272]
37 [49.0, 19.0, 21.0, 461.0, 0.7096350923973354, 0.9272727272727272]
38 [49.0, 19.0, 21.0, 461.0, 0.7096350923973354, 0.9272727272727272]
39 [49.0, 19.0, 21.0, 461.0, 0.7096350923973354, 0.9272727272727272]
40 [49.0, 19.0, 21.0, 461.0, 0.7096350923973354, 0.9272727272727272]
41 [49.0, 19.0, 21.0, 461.0, 0.7096350923973354, 0.9272727272727272]
42 [49.0, 19.0, 21.0, 461.0, 0.7096350923973354, 0.9272727272727272]
43 [49.0, 19.0, 20.0, 462.0, 0.7148184004068546, 0.9290909090909091]
44 [49.0, 19.0, 18.0, 464.0, 0.7254155431791717, 0.9327272727272727]
45 [49.0, 19.0, 19.0, 463.0, 0.720077985267443, 0.9309090909090909]
46 [48.0, 20.0, 18.0, 464.0, 0.7159076777476461, 0.9309090909090909]
47 [48.0, 20.0, 20.0, 462.0, 0.7053723263921702, 0.9272727272727272]
48 [49.0, 19.0, 19.0, 463.0, 0.720077985267443, 0.9309090909090909]
49 [48.0, 20.0, 19.0, 463.0, 0.7106009550039324, 0.9290909090909091]
50 [48.0, 20.0, 18.0, 464.0, 0.7159076777476461, 0.9309090909090909]
[48.0, 20.0, 18.0, 464.0, 0.7159076777476461, 0.9309090909090909]
precious=0.705871972471	recall=0.727261708156	f_scores=0.715907677748
p_avg=0.6014160473	r_avg=0.749306929598	f_avg=0.665184020628
