1 [0.0, 72.0, 0.0, 478.0, 0.0, 0.8690909090909091]
2 [1.0, 71.0, 5.0, 473.0, 0.02549912042026555, 0.8618181818181818]
3 [14.0, 58.0, 10.0, 468.0, 0.29128606674333707, 0.8763636363636363]
4 [20.0, 52.0, 11.0, 467.0, 0.38792165148131863, 0.8854545454545455]
5 [20.0, 52.0, 13.0, 465.0, 0.38051458895175244, 0.8818181818181818]
6 [19.0, 53.0, 13.0, 465.0, 0.36495204673641973, 0.88]
7 [25.0, 47.0, 12.0, 466.0, 0.4582591686845808, 0.8927272727272727]
8 [30.0, 42.0, 14.0, 464.0, 0.5167620207620888, 0.8981818181818182]
9 [33.0, 39.0, 16.0, 462.0, 0.544964020378054, 0.9]
10 [34.0, 38.0, 16.0, 462.0, 0.5568845900152718, 0.9018181818181819]
11 [35.0, 37.0, 16.0, 462.0, 0.5686114253441553, 0.9036363636363637]
12 [33.0, 39.0, 16.0, 462.0, 0.544964020378054, 0.9]
13 [32.0, 40.0, 16.0, 462.0, 0.5328448755458752, 0.8981818181818182]
14 [32.0, 40.0, 16.0, 462.0, 0.5328448755458752, 0.8981818181818182]
15 [34.0, 38.0, 16.0, 462.0, 0.5568845900152718, 0.9018181818181819]
16 [33.0, 39.0, 15.0, 463.0, 0.5495112513714067, 0.9018181818181819]
17 [34.0, 38.0, 15.0, 463.0, 0.5614926602947028, 0.9036363636363637]
18 [33.0, 39.0, 15.0, 463.0, 0.5495112513714067, 0.9018181818181819]
19 [33.0, 39.0, 15.0, 463.0, 0.5495112513714067, 0.9018181818181819]
20 [34.0, 38.0, 15.0, 463.0, 0.5614926602947028, 0.9036363636363637]
21 [33.0, 39.0, 16.0, 462.0, 0.544964020378054, 0.9]
22 [36.0, 36.0, 16.0, 462.0, 0.5801492111718383, 0.9054545454545454]
23 [33.0, 39.0, 15.0, 463.0, 0.5495112513714067, 0.9018181818181819]
24 [34.0, 38.0, 16.0, 462.0, 0.5568845900152718, 0.9018181818181819]
25 [33.0, 39.0, 16.0, 462.0, 0.544964020378054, 0.9]
26 [35.0, 37.0, 15.0, 463.0, 0.573277751922713, 0.9054545454545454]
27 [35.0, 37.0, 15.0, 463.0, 0.573277751922713, 0.9054545454545454]
28 [35.0, 37.0, 15.0, 463.0, 0.573277751922713, 0.9054545454545454]
29 [34.0, 38.0, 15.0, 463.0, 0.5614926602947028, 0.9036363636363637]
30 [34.0, 38.0, 15.0, 463.0, 0.5614926602947028, 0.9036363636363637]
31 [36.0, 36.0, 15.0, 463.0, 0.5848713120749403, 0.9072727272727272]
32 [37.0, 35.0, 15.0, 463.0, 0.5962779722673972, 0.9090909090909091]
33 [36.0, 36.0, 15.0, 463.0, 0.5848713120749403, 0.9072727272727272]
34 [37.0, 35.0, 15.0, 463.0, 0.5962779722673972, 0.9090909090909091]
35 [38.0, 34.0, 16.0, 462.0, 0.602675630297362, 0.9090909090909091]
36 [38.0, 34.0, 16.0, 462.0, 0.602675630297362, 0.9090909090909091]
37 [37.0, 35.0, 16.0, 462.0, 0.5915024824659039, 0.9072727272727272]
38 [38.0, 34.0, 16.0, 462.0, 0.602675630297362, 0.9090909090909091]
39 [38.0, 34.0, 16.0, 462.0, 0.602675630297362, 0.9090909090909091]
40 [38.0, 34.0, 16.0, 462.0, 0.602675630297362, 0.9090909090909091]
41 [38.0, 34.0, 16.0, 462.0, 0.602675630297362, 0.9090909090909091]
42 [38.0, 34.0, 16.0, 462.0, 0.602675630297362, 0.9090909090909091]
43 [38.0, 34.0, 16.0, 462.0, 0.602675630297362, 0.9090909090909091]
44 [38.0, 34.0, 16.0, 462.0, 0.602675630297362, 0.9090909090909091]
45 [38.0, 34.0, 16.0, 462.0, 0.602675630297362, 0.9090909090909091]
46 [38.0, 34.0, 16.0, 462.0, 0.602675630297362, 0.9090909090909091]
47 [38.0, 34.0, 16.0, 462.0, 0.602675630297362, 0.9090909090909091]
48 [38.0, 34.0, 16.0, 462.0, 0.602675630297362, 0.9090909090909091]
49 [38.0, 34.0, 17.0, 461.0, 0.597925134318442, 0.9072727272727272]
50 [38.0, 34.0, 16.0, 462.0, 0.602675630297362, 0.9090909090909091]
[38.0, 34.0, 16.0, 462.0, 0.602675630297362, 0.9090909090909091]
precious=0.527770447633	recall=0.703690672395	f_scores=0.602675630297
p_avg=0.471046891162	r_avg=0.602257438827	f_avg=0.527378366279
