1 [0.0, 83.0, 0.0, 467.0, 0.0, 0.8490909090909091]
2 [5.0, 78.0, 2.0, 465.0, 0.11096535441899003, 0.8545454545454545]
3 [15.0, 68.0, 3.0, 464.0, 0.29673118923924263, 0.8709090909090909]
4 [23.0, 60.0, 6.0, 461.0, 0.41032353664905036, 0.88]
5 [26.0, 57.0, 6.0, 461.0, 0.45176473884074336, 0.8854545454545455]
6 [30.0, 53.0, 6.0, 461.0, 0.5037715530411799, 0.8927272727272727]
7 [36.0, 47.0, 9.0, 458.0, 0.5620356463440199, 0.8981818181818182]
8 [44.0, 39.0, 17.0, 450.0, 0.6106146836861125, 0.8981818181818182]
9 [50.0, 33.0, 17.0, 450.0, 0.6661638328822417, 0.9090909090909091]
10 [50.0, 33.0, 17.0, 450.0, 0.6661638328822417, 0.9090909090909091]
11 [50.0, 33.0, 19.0, 448.0, 0.6573906953281947, 0.9054545454545454]
12 [50.0, 33.0, 16.0, 451.0, 0.6706388022597508, 0.9109090909090909]
13 [52.0, 31.0, 16.0, 451.0, 0.6882378890332689, 0.9145454545454546]
14 [51.0, 32.0, 15.0, 452.0, 0.6840614337772977, 0.9145454545454546]
15 [51.0, 32.0, 18.0, 449.0, 0.6705484096228431, 0.9090909090909091]
16 [48.0, 35.0, 14.0, 453.0, 0.6615706825508131, 0.9109090909090909]
17 [48.0, 35.0, 14.0, 453.0, 0.6615706825508131, 0.9109090909090909]
18 [48.0, 35.0, 15.0, 452.0, 0.6570349875518724, 0.9090909090909091]
19 [48.0, 35.0, 13.0, 454.0, 0.6661694351786528, 0.9127272727272727]
20 [48.0, 35.0, 13.0, 454.0, 0.6661694351786528, 0.9127272727272727]
21 [49.0, 34.0, 13.0, 454.0, 0.675363588376377, 0.9145454545454546]
22 [49.0, 34.0, 13.0, 454.0, 0.675363588376377, 0.9145454545454546]
23 [49.0, 34.0, 13.0, 454.0, 0.675363588376377, 0.9145454545454546]
24 [48.0, 35.0, 13.0, 454.0, 0.6661694351786528, 0.9127272727272727]
25 [49.0, 34.0, 13.0, 454.0, 0.675363588376377, 0.9145454545454546]
26 [49.0, 34.0, 12.0, 455.0, 0.6800581238794795, 0.9163636363636364]
27 [48.0, 35.0, 11.0, 456.0, 0.6755614474416847, 0.9163636363636364]
28 [48.0, 35.0, 11.0, 456.0, 0.6755614474416847, 0.9163636363636364]
29 [50.0, 33.0, 11.0, 456.0, 0.6939468128716818, 0.92]
30 [49.0, 34.0, 11.0, 456.0, 0.6848183808095527, 0.9181818181818182]
31 [49.0, 34.0, 11.0, 456.0, 0.6848183808095527, 0.9181818181818182]
32 [50.0, 33.0, 12.0, 455.0, 0.6891564944967571, 0.9181818181818182]
33 [50.0, 33.0, 11.0, 456.0, 0.6939468128716818, 0.92]
34 [49.0, 34.0, 11.0, 456.0, 0.6848183808095527, 0.9181818181818182]
35 [50.0, 33.0, 11.0, 456.0, 0.6939468128716818, 0.92]
36 [50.0, 33.0, 11.0, 456.0, 0.6939468128716818, 0.92]
37 [49.0, 34.0, 11.0, 456.0, 0.6848183808095527, 0.9181818181818182]
38 [50.0, 33.0, 11.0, 456.0, 0.6939468128716818, 0.92]
39 [50.0, 33.0, 11.0, 456.0, 0.6939468128716818, 0.92]
40 [50.0, 33.0, 11.0, 456.0, 0.6939468128716818, 0.92]
41 [49.0, 34.0, 11.0, 456.0, 0.6848183808095527, 0.9181818181818182]
42 [50.0, 33.0, 11.0, 456.0, 0.6939468128716818, 0.92]
43 [49.0, 34.0, 11.0, 456.0, 0.6848183808095527, 0.9181818181818182]
44 [50.0, 33.0, 11.0, 456.0, 0.6939468128716818, 0.92]
45 [50.0, 33.0, 11.0, 456.0, 0.6939468128716818, 0.92]
46 [49.0, 34.0, 10.0, 457.0, 0.6896457490016313, 0.92]
47 [49.0, 34.0, 10.0, 457.0, 0.6896457490016313, 0.92]
48 [49.0, 34.0, 11.0, 456.0, 0.6848183808095527, 0.9181818181818182]
49 [49.0, 34.0, 10.0, 457.0, 0.6896457490016313, 0.92]
50 [49.0, 34.0, 10.0, 457.0, 0.6896457490016313, 0.92]
[49.0, 34.0, 10.0, 457.0, 0.6896457490016313, 0.92]
precious=0.59035433308	recall=0.8304943984	f_scores=0.689645749002
p_avg=0.229993594454	r_avg=0.306557895039	f_avg=0.26238226236
