1 [0.0, 78.0, 0.0, 472.0, 0.0, 0.8581818181818182]
2 [25.0, 53.0, 30.0, 442.0, 0.3754497738485119, 0.8490909090909091]
3 [32.0, 46.0, 55.0, 417.0, 0.3873762138291302, 0.8163636363636364]
4 [46.0, 32.0, 66.0, 406.0, 0.48372192344990106, 0.8218181818181818]
5 [47.0, 31.0, 58.0, 414.0, 0.5131669377023614, 0.8381818181818181]
6 [47.0, 31.0, 59.0, 413.0, 0.5103760570653464, 0.8363636363636363]
7 [50.0, 28.0, 56.0, 416.0, 0.5429843703129951, 0.8472727272727273]
8 [44.0, 34.0, 42.0, 430.0, 0.5360804752179441, 0.8618181818181818]
9 [43.0, 35.0, 36.0, 436.0, 0.5472641989873649, 0.8709090909090909]
10 [42.0, 36.0, 30.0, 442.0, 0.559493778022325, 0.88]
11 [40.0, 38.0, 25.0, 447.0, 0.5589373064585917, 0.8854545454545455]
12 [38.0, 40.0, 22.0, 450.0, 0.5502256008982542, 0.8872727272727273]
13 [39.0, 39.0, 23.0, 449.0, 0.5566418651912147, 0.8872727272727273]
14 [40.0, 38.0, 21.0, 451.0, 0.5750391871369801, 0.8927272727272727]
15 [40.0, 38.0, 24.0, 448.0, 0.5628776416676539, 0.8872727272727273]
16 [40.0, 38.0, 24.0, 448.0, 0.5628776416676539, 0.8872727272727273]
17 [39.0, 39.0, 23.0, 449.0, 0.5566418651912147, 0.8872727272727273]
18 [42.0, 36.0, 26.0, 446.0, 0.574837360139716, 0.8872727272727273]
19 [40.0, 38.0, 23.0, 449.0, 0.566873927602086, 0.889090909090909]
20 [41.0, 37.0, 24.0, 448.0, 0.5729231141373675, 0.889090909090909]
21 [41.0, 37.0, 22.0, 450.0, 0.5810581130837672, 0.8927272727272727]
22 [41.0, 37.0, 22.0, 450.0, 0.5810581130837672, 0.8927272727272727]
23 [40.0, 38.0, 22.0, 450.0, 0.570927364490315, 0.8909090909090909]
24 [42.0, 36.0, 22.0, 450.0, 0.5910462383241298, 0.8945454545454545]
25 [41.0, 37.0, 24.0, 448.0, 0.5729231141373675, 0.889090909090909]
26 [42.0, 36.0, 23.0, 449.0, 0.5869089223253036, 0.8927272727272727]
27 [42.0, 36.0, 24.0, 448.0, 0.582829126006078, 0.8909090909090909]
28 [40.0, 38.0, 23.0, 449.0, 0.566873927602086, 0.889090909090909]
29 [41.0, 37.0, 23.0, 449.0, 0.5769619397438281, 0.8909090909090909]
30 [41.0, 37.0, 23.0, 449.0, 0.5769619397438281, 0.8909090909090909]
31 [41.0, 37.0, 23.0, 449.0, 0.5769619397438281, 0.8909090909090909]
32 [41.0, 37.0, 23.0, 449.0, 0.5769619397438281, 0.8909090909090909]
33 [41.0, 37.0, 23.0, 449.0, 0.5769619397438281, 0.8909090909090909]
34 [41.0, 37.0, 23.0, 449.0, 0.5769619397438281, 0.8909090909090909]
35 [41.0, 37.0, 23.0, 449.0, 0.5769619397438281, 0.8909090909090909]
36 [41.0, 37.0, 23.0, 449.0, 0.5769619397438281, 0.8909090909090909]
37 [41.0, 37.0, 23.0, 449.0, 0.5769619397438281, 0.8909090909090909]
38 [41.0, 37.0, 23.0, 449.0, 0.5769619397438281, 0.8909090909090909]
39 [41.0, 37.0, 23.0, 449.0, 0.5769619397438281, 0.8909090909090909]
40 [41.0, 37.0, 23.0, 449.0, 0.5769619397438281, 0.8909090909090909]
41 [41.0, 37.0, 23.0, 449.0, 0.5769619397438281, 0.8909090909090909]
42 [40.0, 38.0, 22.0, 450.0, 0.570927364490315, 0.8909090909090909]
43 [41.0, 37.0, 23.0, 449.0, 0.5769619397438281, 0.8909090909090909]
44 [40.0, 38.0, 23.0, 449.0, 0.566873927602086, 0.889090909090909]
45 [40.0, 38.0, 23.0, 449.0, 0.566873927602086, 0.889090909090909]
46 [40.0, 38.0, 23.0, 449.0, 0.566873927602086, 0.889090909090909]
47 [40.0, 38.0, 23.0, 449.0, 0.566873927602086, 0.889090909090909]
48 [40.0, 38.0, 23.0, 449.0, 0.566873927602086, 0.889090909090909]
49 [40.0, 38.0, 23.0, 449.0, 0.566873927602086, 0.889090909090909]
50 [40.0, 38.0, 22.0, 450.0, 0.570927364490315, 0.8909090909090909]
[40.0, 38.0, 22.0, 450.0, 0.570927364490315, 0.8909090909090909]
precious=0.512813938283	recall=0.645150884663	f_scores=0.57092736449
p_avg=0.492330097202	r_avg=0.530941865518	f_avg=0.509266732659
