1 [0.0, 92.0, 0.0, 458.0, 0.0, 0.8327272727272728]
2 [5.0, 87.0, 3.0, 455.0, 0.09985100233411734, 0.8363636363636363]
3 [14.0, 78.0, 6.0, 452.0, 0.2497025049450462, 0.8472727272727273]
4 [20.0, 72.0, 8.0, 450.0, 0.3329703789715966, 0.8545454545454545]
5 [30.0, 62.0, 10.0, 448.0, 0.4541165515538761, 0.8690909090909091]
6 [36.0, 56.0, 12.0, 446.0, 0.5138281482805679, 0.8763636363636363]
7 [41.0, 51.0, 19.0, 439.0, 0.538989168926313, 0.8727272727272727]
8 [44.0, 48.0, 23.0, 435.0, 0.5529649478593487, 0.8709090909090909]
9 [43.0, 49.0, 19.0, 439.0, 0.5579536940782032, 0.8763636363636363]
10 [42.0, 50.0, 13.0, 445.0, 0.5709528562644534, 0.8854545454545455]
11 [41.0, 51.0, 15.0, 443.0, 0.5535765488486228, 0.88]
12 [41.0, 51.0, 13.0, 445.0, 0.5611703988563875, 0.8836363636363637]
13 [41.0, 51.0, 13.0, 445.0, 0.5611703988563875, 0.8836363636363637]
14 [43.0, 49.0, 10.0, 448.0, 0.5926318003327259, 0.8927272727272727]
15 [47.0, 45.0, 10.0, 448.0, 0.6303919568478245, 0.9]
16 [44.0, 48.0, 10.0, 448.0, 0.6022656999827978, 0.8945454545454545]
17 [46.0, 46.0, 16.0, 442.0, 0.5969142000805969, 0.8872727272727273]
18 [47.0, 45.0, 11.0, 447.0, 0.626184358157011, 0.8981818181818182]
19 [45.0, 47.0, 15.0, 443.0, 0.5916200178031127, 0.8872727272727273]
20 [50.0, 42.0, 10.0, 448.0, 0.6574085873437323, 0.9054545454545454]
21 [48.0, 44.0, 10.0, 448.0, 0.639517506246917, 0.9018181818181819]
22 [48.0, 44.0, 9.0, 449.0, 0.6438145881110836, 0.9036363636363637]
23 [49.0, 43.0, 9.0, 449.0, 0.6528506546414188, 0.9054545454545454]
24 [49.0, 43.0, 12.0, 446.0, 0.6400353874898465, 0.9]
25 [49.0, 43.0, 13.0, 445.0, 0.6358747093838873, 0.8981818181818182]
26 [49.0, 43.0, 12.0, 446.0, 0.6400353874898465, 0.9]
27 [49.0, 43.0, 12.0, 446.0, 0.6400353874898465, 0.9]
28 [49.0, 43.0, 13.0, 445.0, 0.6358747093838873, 0.8981818181818182]
29 [50.0, 42.0, 13.0, 445.0, 0.6446708284994251, 0.9]
30 [49.0, 43.0, 13.0, 445.0, 0.6358747093838873, 0.8981818181818182]
31 [49.0, 43.0, 12.0, 446.0, 0.6400353874898465, 0.9]
32 [48.0, 44.0, 9.0, 449.0, 0.6438145881110836, 0.9036363636363637]
33 [50.0, 42.0, 13.0, 445.0, 0.6446708284994251, 0.9]
34 [49.0, 43.0, 11.0, 447.0, 0.6442508728074371, 0.9018181818181819]
35 [49.0, 43.0, 13.0, 445.0, 0.6358747093838873, 0.8981818181818182]
36 [49.0, 43.0, 13.0, 445.0, 0.6358747093838873, 0.8981818181818182]
37 [48.0, 44.0, 10.0, 448.0, 0.639517506246917, 0.9018181818181819]
38 [48.0, 44.0, 13.0, 445.0, 0.6269636704034952, 0.8963636363636364]
39 [49.0, 43.0, 13.0, 445.0, 0.6358747093838873, 0.8981818181818182]
40 [48.0, 44.0, 9.0, 449.0, 0.6438145881110836, 0.9036363636363637]
41 [48.0, 44.0, 11.0, 447.0, 0.6352774050340878, 0.9]
42 [48.0, 44.0, 10.0, 448.0, 0.639517506246917, 0.9018181818181819]
43 [48.0, 44.0, 12.0, 446.0, 0.6310931585656119, 0.8981818181818182]
44 [48.0, 44.0, 10.0, 448.0, 0.639517506246917, 0.9018181818181819]
45 [49.0, 43.0, 14.0, 444.0, 0.6317677765372551, 0.8963636363636364]
46 [49.0, 43.0, 10.0, 448.0, 0.6485222554519345, 0.9036363636363637]
47 [48.0, 44.0, 8.0, 450.0, 0.6481698069993086, 0.9054545454545454]
48 [48.0, 44.0, 9.0, 449.0, 0.6438145881110836, 0.9036363636363637]
49 [49.0, 43.0, 9.0, 449.0, 0.6528506546414188, 0.9054545454545454]
50 [49.0, 43.0, 8.0, 450.0, 0.6572372196744962, 0.9072727272727272]
[49.0, 43.0, 8.0, 450.0, 0.6572372196744962, 0.9072727272727272]
precious=0.53260290649	recall=0.859634041508	f_scores=0.657237219674
p_avg=0.18045178228	r_avg=0.236730546192	f_avg=0.203598258839
