1 [0.0, 87.0, 0.0, 463.0, 0.0, 0.8418181818181818]
2 [34.0, 53.0, 28.0, 435.0, 0.4558843055656895, 0.8527272727272728]
3 [52.0, 35.0, 48.0, 415.0, 0.5556466457244512, 0.8490909090909091]
4 [59.0, 28.0, 55.0, 408.0, 0.5865682673891285, 0.8490909090909091]
5 [63.0, 24.0, 60.0, 403.0, 0.5995093715900398, 0.8472727272727273]
6 [68.0, 19.0, 71.0, 392.0, 0.6012914283725903, 0.8363636363636363]
7 [68.0, 19.0, 68.0, 395.0, 0.6093845126786407, 0.8418181818181818]
8 [68.0, 19.0, 53.0, 410.0, 0.6533535884324339, 0.8690909090909091]
9 [67.0, 20.0, 49.0, 414.0, 0.6596025858434806, 0.8745454545454545]
10 [53.0, 34.0, 28.0, 435.0, 0.6304459023523059, 0.8872727272727273]
11 [55.0, 32.0, 31.0, 432.0, 0.6353312092009261, 0.8854545454545455]
12 [55.0, 32.0, 29.0, 434.0, 0.6427678721967139, 0.889090909090909]
13 [57.0, 30.0, 30.0, 433.0, 0.6546652644546063, 0.8909090909090909]
14 [56.0, 31.0, 30.0, 433.0, 0.6468917621846664, 0.889090909090909]
15 [55.0, 32.0, 29.0, 434.0, 0.6427678721967139, 0.889090909090909]
16 [54.0, 33.0, 27.0, 436.0, 0.6423505152279557, 0.8909090909090909]
17 [53.0, 34.0, 30.0, 433.0, 0.623022753204526, 0.8836363636363637]
18 [54.0, 33.0, 31.0, 432.0, 0.6274001409161558, 0.8836363636363637]
19 [54.0, 33.0, 29.0, 434.0, 0.6347873132752209, 0.8872727272727273]
20 [54.0, 33.0, 32.0, 431.0, 0.6237706564765998, 0.8818181818181818]
21 [54.0, 33.0, 30.0, 433.0, 0.631072109737949, 0.8854545454545455]
22 [54.0, 33.0, 32.0, 431.0, 0.6237706564765998, 0.8818181818181818]
23 [54.0, 33.0, 31.0, 432.0, 0.6274001409161558, 0.8836363636363637]
24 [54.0, 33.0, 31.0, 432.0, 0.6274001409161558, 0.8836363636363637]
25 [54.0, 33.0, 31.0, 432.0, 0.6274001409161558, 0.8836363636363637]
26 [55.0, 32.0, 30.0, 433.0, 0.6390279054604736, 0.8872727272727273]
27 [54.0, 33.0, 29.0, 434.0, 0.6347873132752209, 0.8872727272727273]
28 [54.0, 33.0, 30.0, 433.0, 0.631072109737949, 0.8854545454545455]
29 [54.0, 33.0, 30.0, 433.0, 0.631072109737949, 0.8854545454545455]
30 [54.0, 33.0, 30.0, 433.0, 0.631072109737949, 0.8854545454545455]
31 [54.0, 33.0, 30.0, 433.0, 0.631072109737949, 0.8854545454545455]
32 [54.0, 33.0, 30.0, 433.0, 0.631072109737949, 0.8854545454545455]
33 [54.0, 33.0, 31.0, 432.0, 0.6274001409161558, 0.8836363636363637]
34 [54.0, 33.0, 29.0, 434.0, 0.6347873132752209, 0.8872727272727273]
35 [54.0, 33.0, 29.0, 434.0, 0.6347873132752209, 0.8872727272727273]
36 [54.0, 33.0, 27.0, 436.0, 0.6423505152279557, 0.8909090909090909]
37 [54.0, 33.0, 29.0, 434.0, 0.6347873132752209, 0.8872727272727273]
38 [54.0, 33.0, 29.0, 434.0, 0.6347873132752209, 0.8872727272727273]
39 [54.0, 33.0, 29.0, 434.0, 0.6347873132752209, 0.8872727272727273]
40 [54.0, 33.0, 27.0, 436.0, 0.6423505152279557, 0.8909090909090909]
41 [54.0, 33.0, 27.0, 436.0, 0.6423505152279557, 0.8909090909090909]
42 [54.0, 33.0, 27.0, 436.0, 0.6423505152279557, 0.8909090909090909]
43 [54.0, 33.0, 28.0, 435.0, 0.6385465196350868, 0.889090909090909]
44 [54.0, 33.0, 27.0, 436.0, 0.6423505152279557, 0.8909090909090909]
45 [54.0, 33.0, 28.0, 435.0, 0.6385465196350868, 0.889090909090909]
46 [54.0, 33.0, 27.0, 436.0, 0.6423505152279557, 0.8909090909090909]
47 [54.0, 33.0, 26.0, 437.0, 0.6462001053159862, 0.8927272727272727]
48 [54.0, 33.0, 26.0, 437.0, 0.6462001053159862, 0.8927272727272727]
49 [54.0, 33.0, 27.0, 436.0, 0.6423505152279557, 0.8909090909090909]
50 [54.0, 33.0, 27.0, 436.0, 0.6423505152279557, 0.8909090909090909]
[54.0, 33.0, 27.0, 436.0, 0.6423505152279557, 0.8909090909090909]
precious=0.620682520891	recall=0.666658436316	f_scores=0.642350515228
p_avg=0.25771088649	r_avg=0.280212584442	f_avg=0.267871826293
