1 [0.0, 88.0, 0.0, 462.0, 0.0, 0.84]
2 [0.0, 88.0, 0.0, 462.0, 0.0, 0.84]
3 [5.0, 83.0, 0.0, 462.0, 0.10742290258795283, 0.8490909090909091]
4 [7.0, 81.0, 1.0, 461.0, 0.14567766287627013, 0.850909090909091]
5 [14.0, 74.0, 2.0, 460.0, 0.2689654791204013, 0.8618181818181818]
6 [23.0, 65.0, 3.0, 459.0, 0.4031498864247119, 0.8763636363636363]
7 [30.0, 58.0, 5.0, 457.0, 0.4873901179079397, 0.8854545454545455]
8 [37.0, 51.0, 6.0, 456.0, 0.5644362143889373, 0.8963636363636364]
9 [43.0, 45.0, 10.0, 452.0, 0.6094515947536923, 0.9]
10 [48.0, 40.0, 13.0, 449.0, 0.6438034342991658, 0.9036363636363637]
11 [53.0, 35.0, 17.0, 445.0, 0.6703844357778844, 0.9054545454545454]
12 [54.0, 34.0, 18.0, 444.0, 0.6744969252191788, 0.9054545454545454]
13 [56.0, 32.0, 20.0, 442.0, 0.6824215398096124, 0.9054545454545454]
14 [58.0, 30.0, 19.0, 443.0, 0.7025243559270355, 0.9109090909090909]
15 [56.0, 32.0, 18.0, 444.0, 0.6908535795822175, 0.9090909090909091]
16 [56.0, 32.0, 18.0, 444.0, 0.6908535795822175, 0.9090909090909091]
17 [58.0, 30.0, 18.0, 444.0, 0.7068114738030336, 0.9127272727272727]
18 [60.0, 28.0, 19.0, 443.0, 0.7180560666248251, 0.9145454545454546]
19 [60.0, 28.0, 17.0, 445.0, 0.7267664745933344, 0.9181818181818182]
20 [59.0, 29.0, 18.0, 444.0, 0.7146454151608292, 0.9145454545454546]
21 [60.0, 28.0, 17.0, 445.0, 0.7267664745933344, 0.9181818181818182]
22 [60.0, 28.0, 17.0, 445.0, 0.7267664745933344, 0.9181818181818182]
23 [59.0, 29.0, 15.0, 447.0, 0.7278901412894246, 0.92]
24 [59.0, 29.0, 15.0, 447.0, 0.7278901412894246, 0.92]
25 [59.0, 29.0, 14.0, 448.0, 0.7324148251704617, 0.9218181818181819]
26 [58.0, 30.0, 14.0, 448.0, 0.7244962752275973, 0.92]
27 [58.0, 30.0, 14.0, 448.0, 0.7244962752275973, 0.92]
28 [57.0, 31.0, 14.0, 448.0, 0.7164781696969704, 0.9181818181818182]
29 [59.0, 29.0, 14.0, 448.0, 0.7324148251704617, 0.9218181818181819]
30 [58.0, 30.0, 14.0, 448.0, 0.7244962752275973, 0.92]
31 [59.0, 29.0, 14.0, 448.0, 0.7324148251704617, 0.9218181818181819]
32 [59.0, 29.0, 14.0, 448.0, 0.7324148251704617, 0.9218181818181819]
33 [58.0, 30.0, 13.0, 449.0, 0.7290566219623834, 0.9218181818181819]
34 [57.0, 31.0, 13.0, 449.0, 0.7210166808153685, 0.92]
35 [58.0, 30.0, 12.0, 450.0, 0.7336747426226491, 0.9236363636363636]
36 [58.0, 30.0, 12.0, 450.0, 0.7336747426226491, 0.9236363636363636]
37 [55.0, 33.0, 12.0, 450.0, 0.7091777792767624, 0.9181818181818182]
38 [58.0, 30.0, 12.0, 450.0, 0.7336747426226491, 0.9236363636363636]
39 [57.0, 31.0, 12.0, 450.0, 0.7256130566219423, 0.9218181818181819]
40 [57.0, 31.0, 12.0, 450.0, 0.7256130566219423, 0.9218181818181819]
41 [55.0, 33.0, 11.0, 451.0, 0.7137869774195659, 0.92]
42 [54.0, 34.0, 11.0, 451.0, 0.7053847627303599, 0.9181818181818182]
43 [55.0, 33.0, 12.0, 450.0, 0.7091777792767624, 0.9181818181818182]
44 [55.0, 33.0, 11.0, 451.0, 0.7137869774195659, 0.92]
45 [54.0, 34.0, 10.0, 452.0, 0.7100297662300932, 0.92]
46 [54.0, 34.0, 10.0, 452.0, 0.7100297662300932, 0.92]
47 [54.0, 34.0, 10.0, 452.0, 0.7100297662300932, 0.92]
48 [54.0, 34.0, 10.0, 452.0, 0.7100297662300932, 0.92]
49 [54.0, 34.0, 10.0, 452.0, 0.7100297662300932, 0.92]
50 [54.0, 34.0, 10.0, 452.0, 0.7100297662300932, 0.92]
[54.0, 34.0, 10.0, 452.0, 0.7100297662300932, 0.92]
precious=0.613629390575	recall=0.843736816612	f_scores=0.71002976623
p_avg=0.615420669252	r_avg=0.681104155224	f_avg=0.643913255267
