1 [0.0, 70.0, 0.0, 480.0, 0.0, 0.8727272727272727]
2 [25.0, 45.0, 18.0, 462.0, 0.44199909126880643, 0.8854545454545455]
3 [44.0, 26.0, 45.0, 435.0, 0.5529597359158566, 0.8709090909090909]
4 [53.0, 17.0, 66.0, 414.0, 0.5603746205240986, 0.8490909090909091]
5 [56.0, 14.0, 71.0, 409.0, 0.5680643738757362, 0.8454545454545455]
6 [56.0, 14.0, 69.0, 411.0, 0.5738932276837466, 0.8490909090909091]
7 [56.0, 14.0, 80.0, 400.0, 0.5432357352194228, 0.8290909090909091]
8 [56.0, 14.0, 73.0, 407.0, 0.5623527332559062, 0.8418181818181818]
9 [55.0, 15.0, 61.0, 419.0, 0.5909224436340886, 0.8618181818181818]
10 [52.0, 18.0, 51.0, 429.0, 0.600667698148025, 0.8745454545454545]
11 [49.0, 21.0, 38.0, 442.0, 0.6237021231431344, 0.8927272727272727]
12 [50.0, 20.0, 38.0, 442.0, 0.6324102546689014, 0.8945454545454545]
13 [51.0, 19.0, 41.0, 439.0, 0.6291314597035457, 0.8909090909090909]
14 [50.0, 20.0, 37.0, 443.0, 0.63644080655867, 0.8963636363636364]
15 [49.0, 21.0, 33.0, 447.0, 0.6442318577457833, 0.9018181818181819]
16 [50.0, 20.0, 37.0, 443.0, 0.63644080655867, 0.8963636363636364]
17 [49.0, 21.0, 33.0, 447.0, 0.6442318577457833, 0.9018181818181819]
18 [49.0, 21.0, 32.0, 448.0, 0.6485010606781592, 0.9036363636363637]
19 [49.0, 21.0, 31.0, 449.0, 0.6528272234769922, 0.9054545454545454]
20 [48.0, 22.0, 32.0, 448.0, 0.6394940758082562, 0.9018181818181819]
21 [48.0, 22.0, 28.0, 452.0, 0.657026462436205, 0.9090909090909091]
22 [49.0, 21.0, 27.0, 453.0, 0.6707248972016293, 0.9127272727272727]
23 [49.0, 21.0, 27.0, 453.0, 0.6707248972016293, 0.9127272727272727]
24 [49.0, 21.0, 27.0, 453.0, 0.6707248972016293, 0.9127272727272727]
25 [49.0, 21.0, 28.0, 452.0, 0.6661591032785164, 0.9109090909090909]
26 [49.0, 21.0, 26.0, 454.0, 0.6753537101240384, 0.9145454545454546]
27 [49.0, 21.0, 25.0, 455.0, 0.6800468558343933, 0.9163636363636364]
28 [48.0, 22.0, 26.0, 454.0, 0.6661581674740978, 0.9127272727272727]
29 [48.0, 22.0, 27.0, 453.0, 0.6615608045993727, 0.9109090909090909]
30 [48.0, 22.0, 26.0, 454.0, 0.6661581674740978, 0.9127272727272727]
31 [48.0, 22.0, 25.0, 455.0, 0.6708198740978342, 0.9145454545454546]
32 [48.0, 22.0, 26.0, 454.0, 0.6661581674740978, 0.9127272727272727]
33 [48.0, 22.0, 27.0, 453.0, 0.6615608045993727, 0.9109090909090909]
34 [48.0, 22.0, 24.0, 456.0, 0.6755472848029433, 0.9163636363636364]
35 [48.0, 22.0, 23.0, 457.0, 0.680341798540148, 0.9181818181818182]
36 [48.0, 22.0, 23.0, 457.0, 0.680341798540148, 0.9181818181818182]
37 [48.0, 22.0, 24.0, 456.0, 0.6755472848029433, 0.9163636363636364]
38 [48.0, 22.0, 23.0, 457.0, 0.680341798540148, 0.9181818181818182]
39 [48.0, 22.0, 23.0, 457.0, 0.680341798540148, 0.9181818181818182]
40 [48.0, 22.0, 24.0, 456.0, 0.6755472848029433, 0.9163636363636364]
41 [48.0, 22.0, 23.0, 457.0, 0.680341798540148, 0.9181818181818182]
42 [48.0, 22.0, 23.0, 457.0, 0.680341798540148, 0.9181818181818182]
43 [48.0, 22.0, 23.0, 457.0, 0.680341798540148, 0.9181818181818182]
44 [48.0, 22.0, 23.0, 457.0, 0.680341798540148, 0.9181818181818182]
45 [48.0, 22.0, 22.0, 458.0, 0.6852048542587438, 0.92]
46 [49.0, 21.0, 22.0, 458.0, 0.6945259870269054, 0.9218181818181819]
47 [49.0, 21.0, 23.0, 457.0, 0.6896315859418017, 0.92]
48 [49.0, 21.0, 21.0, 459.0, 0.699490357035887, 0.9236363636363636]
49 [48.0, 22.0, 23.0, 457.0, 0.680341798540148, 0.9181818181818182]
50 [49.0, 21.0, 23.0, 457.0, 0.6896315859418017, 0.92]
[49.0, 21.0, 23.0, 457.0, 0.6896315859418017, 0.92]
precious=0.699990000143	recall=0.680546103526	f_scores=0.689631585942
p_avg=0.0699990000143	r_avg=0.0680546103526	f_avg=0.0689631585942
