1 [0.0, 74.0, 0.0, 476.0, 0.0, 0.8654545454545455]
2 [0.0, 74.0, 0.0, 476.0, 0.0, 0.8654545454545455]
3 [11.0, 63.0, 3.0, 473.0, 0.2497270318430594, 0.88]
4 [16.0, 58.0, 6.0, 470.0, 0.33297345839406306, 0.8836363636363637]
5 [20.0, 54.0, 7.0, 469.0, 0.39564041825125057, 0.889090909090909]
6 [24.0, 50.0, 6.0, 470.0, 0.46111944436830515, 0.8981818181818182]
7 [26.0, 48.0, 11.0, 465.0, 0.46801600256500325, 0.8927272727272727]
8 [29.0, 45.0, 14.0, 462.0, 0.4952535574796948, 0.8927272727272727]
9 [34.0, 40.0, 14.0, 462.0, 0.5568910285764925, 0.9018181818181819]
10 [37.0, 37.0, 19.0, 457.0, 0.5687320196269194, 0.8981818181818182]
11 [38.0, 36.0, 19.0, 457.0, 0.5796526507799266, 0.9]
12 [39.0, 35.0, 16.0, 460.0, 0.6041530302711371, 0.9072727272727272]
13 [42.0, 32.0, 18.0, 458.0, 0.6263621630492554, 0.9090909090909091]
14 [41.0, 33.0, 19.0, 457.0, 0.6114370221792016, 0.9054545454545454]
15 [43.0, 31.0, 19.0, 457.0, 0.6318479235419658, 0.9090909090909091]
16 [42.0, 32.0, 17.0, 459.0, 0.6310761953091852, 0.9109090909090909]
17 [42.0, 32.0, 19.0, 457.0, 0.6217180346638552, 0.9072727272727272]
18 [42.0, 32.0, 18.0, 458.0, 0.6263621630492554, 0.9090909090909091]
19 [41.0, 33.0, 17.0, 459.0, 0.6207104454134076, 0.9090909090909091]
20 [41.0, 33.0, 18.0, 458.0, 0.61603883684576, 0.9072727272727272]
21 [41.0, 33.0, 17.0, 459.0, 0.6207104454134076, 0.9090909090909091]
22 [41.0, 33.0, 17.0, 459.0, 0.6207104454134076, 0.9090909090909091]
23 [41.0, 33.0, 16.0, 460.0, 0.6254534478196516, 0.9109090909090909]
24 [40.0, 34.0, 16.0, 460.0, 0.6148851240961802, 0.9090909090909091]
25 [42.0, 32.0, 16.0, 460.0, 0.6358617217120139, 0.9127272727272727]
26 [40.0, 34.0, 16.0, 460.0, 0.6148851240961802, 0.9090909090909091]
27 [41.0, 33.0, 17.0, 459.0, 0.6207104454134076, 0.9090909090909091]
28 [42.0, 32.0, 16.0, 460.0, 0.6358617217120139, 0.9127272727272727]
29 [41.0, 33.0, 16.0, 460.0, 0.6254534478196516, 0.9109090909090909]
30 [42.0, 32.0, 16.0, 460.0, 0.6358617217120139, 0.9127272727272727]
31 [41.0, 33.0, 17.0, 459.0, 0.6207104454134076, 0.9090909090909091]
32 [39.0, 35.0, 16.0, 460.0, 0.6041530302711371, 0.9072727272727272]
33 [40.0, 34.0, 15.0, 461.0, 0.6196566559963734, 0.9109090909090909]
34 [40.0, 34.0, 16.0, 460.0, 0.6148851240961802, 0.9090909090909091]
35 [40.0, 34.0, 15.0, 461.0, 0.6196566559963734, 0.9109090909090909]
36 [40.0, 34.0, 15.0, 461.0, 0.6196566559963734, 0.9109090909090909]
37 [39.0, 35.0, 15.0, 461.0, 0.6088780754774644, 0.9090909090909091]
38 [40.0, 34.0, 16.0, 460.0, 0.6148851240961802, 0.9090909090909091]
39 [40.0, 34.0, 16.0, 460.0, 0.6148851240961802, 0.9090909090909091]
40 [39.0, 35.0, 15.0, 461.0, 0.6088780754774644, 0.9090909090909091]
41 [38.0, 36.0, 15.0, 461.0, 0.5979298384931656, 0.9072727272727272]
42 [40.0, 34.0, 15.0, 461.0, 0.6196566559963734, 0.9109090909090909]
43 [38.0, 36.0, 15.0, 461.0, 0.5979298384931656, 0.9072727272727272]
44 [38.0, 36.0, 15.0, 461.0, 0.5979298384931656, 0.9072727272727272]
45 [40.0, 34.0, 16.0, 460.0, 0.6148851240961802, 0.9090909090909091]
46 [40.0, 34.0, 15.0, 461.0, 0.6196566559963734, 0.9109090909090909]
47 [39.0, 35.0, 15.0, 461.0, 0.6088780754774644, 0.9090909090909091]
48 [40.0, 34.0, 16.0, 460.0, 0.6148851240961802, 0.9090909090909091]
49 [38.0, 36.0, 15.0, 461.0, 0.5979298384931656, 0.9072727272727272]
50 [38.0, 36.0, 15.0, 461.0, 0.5979298384931656, 0.9072727272727272]
[38.0, 36.0, 15.0, 461.0, 0.5979298384931656, 0.9072727272727272]
precious=0.513506574235	recall=0.716967604385	f_scores=0.597929838493
p_avg=0.170958161146	r_avg=0.223508455199	f_avg=0.19341768746
