1 [0.0, 85.0, 0.0, 465.0, 0.0, 0.8454545454545455]
2 [7.0, 78.0, 2.0, 463.0, 0.14876003335930274, 0.8545454545454545]
3 [19.0, 66.0, 5.0, 460.0, 0.34827438332650484, 0.8709090909090909]
4 [27.0, 58.0, 8.0, 457.0, 0.4495796818498967, 0.88]
5 [36.0, 49.0, 12.0, 453.0, 0.5408843308938955, 0.889090909090909]
6 [38.0, 47.0, 15.0, 450.0, 0.550243946709746, 0.8872727272727273]
7 [41.0, 44.0, 14.0, 451.0, 0.5852292652356431, 0.8945454545454545]
8 [39.0, 46.0, 13.0, 452.0, 0.568864153304039, 0.8927272727272727]
9 [40.0, 45.0, 15.0, 450.0, 0.5709437647260767, 0.8909090909090909]
10 [41.0, 44.0, 15.0, 450.0, 0.5810735789307838, 0.8927272727272727]
11 [41.0, 44.0, 15.0, 450.0, 0.5810735789307838, 0.8927272727272727]
12 [40.0, 45.0, 16.0, 449.0, 0.5668893928026355, 0.889090909090909]
13 [41.0, 44.0, 16.0, 449.0, 0.5769764951695397, 0.8909090909090909]
14 [41.0, 44.0, 17.0, 448.0, 0.5729367830313686, 0.889090909090909]
15 [43.0, 42.0, 18.0, 447.0, 0.5885469390181577, 0.8909090909090909]
16 [43.0, 42.0, 19.0, 446.0, 0.5845387003311586, 0.889090909090909]
17 [42.0, 43.0, 17.0, 448.0, 0.5828419320533463, 0.8909090909090909]
18 [41.0, 44.0, 14.0, 451.0, 0.5852292652356431, 0.8945454545454545]
19 [43.0, 42.0, 17.0, 448.0, 0.5926105270052658, 0.8927272727272727]
20 [44.0, 41.0, 16.0, 449.0, 0.6064034312021661, 0.8963636363636364]
21 [44.0, 41.0, 18.0, 447.0, 0.598143948175312, 0.8927272727272727]
22 [45.0, 40.0, 16.0, 449.0, 0.615943806163482, 0.8981818181818182]
23 [44.0, 41.0, 16.0, 449.0, 0.6064034312021661, 0.8963636363636364]
24 [45.0, 40.0, 14.0, 451.0, 0.624507993327822, 0.9018181818181819]
25 [46.0, 39.0, 16.0, 449.0, 0.625354445066227, 0.9]
26 [47.0, 38.0, 16.0, 449.0, 0.6346379763857991, 0.9018181818181819]
27 [47.0, 38.0, 14.0, 451.0, 0.6433406748250099, 0.9054545454545454]
28 [46.0, 39.0, 15.0, 450.0, 0.6296422403170713, 0.9018181818181819]
29 [47.0, 38.0, 14.0, 451.0, 0.6433406748250099, 0.9054545454545454]
30 [46.0, 39.0, 14.0, 451.0, 0.6339892407695429, 0.9036363636363637]
31 [46.0, 39.0, 14.0, 451.0, 0.6339892407695429, 0.9036363636363637]
32 [48.0, 37.0, 14.0, 451.0, 0.6525649433937146, 0.9072727272727272]
33 [47.0, 38.0, 13.0, 452.0, 0.6477821460901173, 0.9072727272727272]
34 [47.0, 38.0, 13.0, 452.0, 0.6477821460901173, 0.9072727272727272]
35 [47.0, 38.0, 13.0, 452.0, 0.6477821460901173, 0.9072727272727272]
36 [47.0, 38.0, 12.0, 453.0, 0.6522853694027743, 0.9090909090909091]
37 [47.0, 38.0, 13.0, 452.0, 0.6477821460901173, 0.9072727272727272]
38 [47.0, 38.0, 13.0, 452.0, 0.6477821460901173, 0.9072727272727272]
39 [47.0, 38.0, 13.0, 452.0, 0.6477821460901173, 0.9072727272727272]
40 [47.0, 38.0, 12.0, 453.0, 0.6522853694027743, 0.9090909090909091]
41 [48.0, 37.0, 13.0, 452.0, 0.6570391096651672, 0.9090909090909091]
42 [48.0, 37.0, 11.0, 454.0, 0.6661740579369435, 0.9127272727272727]
43 [48.0, 37.0, 11.0, 454.0, 0.6661740579369435, 0.9127272727272727]
44 [48.0, 37.0, 11.0, 454.0, 0.6661740579369435, 0.9127272727272727]
45 [48.0, 37.0, 11.0, 454.0, 0.6661740579369435, 0.9127272727272727]
46 [48.0, 37.0, 11.0, 454.0, 0.6661740579369435, 0.9127272727272727]
47 [48.0, 37.0, 11.0, 454.0, 0.6661740579369435, 0.9127272727272727]
48 [48.0, 37.0, 11.0, 454.0, 0.6661740579369435, 0.9127272727272727]
49 [48.0, 37.0, 11.0, 454.0, 0.6661740579369435, 0.9127272727272727]
50 [48.0, 37.0, 11.0, 454.0, 0.6661740579369435, 0.9127272727272727]
[48.0, 37.0, 11.0, 454.0, 0.6661740579369435, 0.9127272727272727]
precious=0.564699238832	recall=0.813545533127	f_scores=0.666174057937
p_avg=0.291137920425	r_avg=0.391854381975	f_avg=0.332666001734
