1 [0.0, 91.0, 0.0, 459.0, 0.0, 0.8345454545454546]
2 [0.0, 91.0, 4.0, 455.0, 0.0, 0.8272727272727273]
3 [11.0, 80.0, 6.0, 453.0, 0.20343500715705923, 0.8436363636363636]
4 [25.0, 66.0, 6.0, 453.0, 0.40945062862027704, 0.8690909090909091]
5 [28.0, 63.0, 8.0, 451.0, 0.4405320841247698, 0.8709090909090909]
6 [31.0, 60.0, 9.0, 450.0, 0.47285137706429564, 0.8745454545454545]
7 [36.0, 55.0, 10.0, 449.0, 0.525094095175249, 0.8818181818181818]
8 [40.0, 51.0, 12.0, 447.0, 0.5589703068094964, 0.8854545454545455]
9 [44.0, 47.0, 11.0, 448.0, 0.6022622338903967, 0.8945454545454545]
10 [48.0, 43.0, 16.0, 443.0, 0.6188623976722434, 0.8927272727272727]
11 [48.0, 43.0, 21.0, 438.0, 0.5995023537205801, 0.8836363636363637]
12 [48.0, 43.0, 21.0, 438.0, 0.5995023537205801, 0.8836363636363637]
13 [48.0, 43.0, 20.0, 439.0, 0.6032768491035916, 0.8854545454545455]
14 [48.0, 43.0, 20.0, 439.0, 0.6032768491035916, 0.8854545454545455]
15 [48.0, 43.0, 21.0, 438.0, 0.5995023537205801, 0.8836363636363637]
16 [48.0, 43.0, 21.0, 438.0, 0.5995023537205801, 0.8836363636363637]
17 [48.0, 43.0, 19.0, 440.0, 0.6070991744317599, 0.8872727272727273]
18 [50.0, 41.0, 21.0, 438.0, 0.6167843429637203, 0.8872727272727273]
19 [50.0, 41.0, 21.0, 438.0, 0.6167843429637203, 0.8872727272727273]
20 [48.0, 43.0, 20.0, 439.0, 0.6032768491035916, 0.8854545454545455]
21 [50.0, 41.0, 21.0, 438.0, 0.6167843429637203, 0.8872727272727273]
22 [50.0, 41.0, 20.0, 439.0, 0.6206191917899142, 0.889090909090909]
23 [51.0, 40.0, 21.0, 438.0, 0.6252663750296533, 0.889090909090909]
24 [50.0, 41.0, 21.0, 438.0, 0.6167843429637203, 0.8872727272727273]
25 [51.0, 40.0, 21.0, 438.0, 0.6252663750296533, 0.889090909090909]
26 [51.0, 40.0, 20.0, 439.0, 0.6291298618732583, 0.8909090909090909]
27 [50.0, 41.0, 20.0, 439.0, 0.6206191917899142, 0.889090909090909]
28 [49.0, 42.0, 20.0, 439.0, 0.6120021893007482, 0.8872727272727273]
29 [51.0, 40.0, 19.0, 440.0, 0.6330413901111805, 0.8927272727272727]
30 [51.0, 40.0, 19.0, 440.0, 0.6330413901111805, 0.8927272727272727]
31 [49.0, 42.0, 20.0, 439.0, 0.6120021893007482, 0.8872727272727273]
32 [50.0, 41.0, 20.0, 439.0, 0.6206191917899142, 0.889090909090909]
33 [49.0, 42.0, 21.0, 438.0, 0.6081969937791751, 0.8854545454545455]
34 [50.0, 41.0, 17.0, 442.0, 0.6324152939874571, 0.8945454545454545]
35 [49.0, 42.0, 18.0, 441.0, 0.6197572340497028, 0.8909090909090909]
36 [49.0, 42.0, 18.0, 441.0, 0.6197572340497028, 0.8909090909090909]
37 [50.0, 41.0, 19.0, 440.0, 0.6245020252075316, 0.8909090909090909]
38 [50.0, 41.0, 18.0, 441.0, 0.6284337495171625, 0.8927272727272727]
39 [50.0, 41.0, 18.0, 441.0, 0.6284337495171625, 0.8927272727272727]
40 [50.0, 41.0, 18.0, 441.0, 0.6284337495171625, 0.8927272727272727]
41 [50.0, 41.0, 19.0, 440.0, 0.6245020252075316, 0.8909090909090909]
42 [50.0, 41.0, 18.0, 441.0, 0.6284337495171625, 0.8927272727272727]
43 [50.0, 41.0, 18.0, 441.0, 0.6284337495171625, 0.8927272727272727]
44 [50.0, 41.0, 19.0, 440.0, 0.6245020252075316, 0.8909090909090909]
45 [50.0, 41.0, 18.0, 441.0, 0.6284337495171625, 0.8927272727272727]
46 [50.0, 41.0, 19.0, 440.0, 0.6245020252075316, 0.8909090909090909]
47 [50.0, 41.0, 18.0, 441.0, 0.6284337495171625, 0.8927272727272727]
48 [50.0, 41.0, 18.0, 441.0, 0.6284337495171625, 0.8927272727272727]
49 [50.0, 41.0, 17.0, 442.0, 0.6324152939874571, 0.8945454545454545]
50 [50.0, 41.0, 19.0, 440.0, 0.6245020252075316, 0.8909090909090909]
[50.0, 41.0, 19.0, 440.0, 0.6245020252075316, 0.8909090909090909]
precious=0.549444511599	recall=0.724627179316	f_scores=0.624502025208
p_avg=0.284938045614	r_avg=0.37902061297	f_avg=0.324832464881
