1 [0.0, 84.0, 0.0, 466.0, 0.0, 0.8472727272727273]
2 [14.0, 70.0, 3.0, 463.0, 0.27694253444015715, 0.8672727272727273]
3 [26.0, 58.0, 7.0, 459.0, 0.4440322159992784, 0.8818181818181818]
4 [33.0, 51.0, 7.0, 459.0, 0.5318127916496801, 0.8945454545454545]
5 [41.0, 43.0, 12.0, 454.0, 0.598057383992615, 0.9]
6 [44.0, 40.0, 18.0, 448.0, 0.6022432179311527, 0.8945454545454545]
7 [47.0, 37.0, 19.0, 447.0, 0.6261658982610062, 0.8981818181818182]
8 [49.0, 35.0, 22.0, 444.0, 0.631753813095792, 0.8963636363636364]
9 [49.0, 35.0, 22.0, 444.0, 0.631753813095792, 0.8963636363636364]
10 [48.0, 36.0, 21.0, 445.0, 0.626947974756137, 0.8963636363636364]
11 [47.0, 37.0, 20.0, 446.0, 0.6220150395968063, 0.8963636363636364]
12 [48.0, 36.0, 19.0, 447.0, 0.6352598891376514, 0.9]
13 [47.0, 37.0, 17.0, 449.0, 0.634636061934222, 0.9018181818181819]
14 [47.0, 37.0, 18.0, 448.0, 0.6303725284950167, 0.9]
15 [47.0, 37.0, 16.0, 450.0, 0.6389576610378108, 0.9036363636363637]
16 [48.0, 36.0, 15.0, 451.0, 0.6525629103049712, 0.9072727272727272]
17 [48.0, 36.0, 13.0, 453.0, 0.6615727721552639, 0.9109090909090909]
18 [49.0, 35.0, 15.0, 451.0, 0.6616627082747052, 0.9090909090909091]
19 [48.0, 36.0, 14.0, 452.0, 0.6570369549176747, 0.9090909090909091]
20 [50.0, 34.0, 15.0, 451.0, 0.670640421386711, 0.9109090909090909]
21 [50.0, 34.0, 14.0, 452.0, 0.6751760319084515, 0.9127272727272727]
22 [50.0, 34.0, 14.0, 452.0, 0.6751760319084515, 0.9127272727272727]
23 [50.0, 34.0, 14.0, 452.0, 0.6751760319084515, 0.9127272727272727]
24 [51.0, 33.0, 14.0, 452.0, 0.6840630529508368, 0.9145454545454546]
25 [49.0, 35.0, 13.0, 453.0, 0.6707353900045567, 0.9127272727272727]
26 [50.0, 34.0, 13.0, 453.0, 0.6797734097751186, 0.9145454545454546]
27 [49.0, 35.0, 14.0, 452.0, 0.6661681598904353, 0.9109090909090909]
28 [50.0, 34.0, 14.0, 452.0, 0.6751760319084515, 0.9127272727272727]
29 [49.0, 35.0, 14.0, 452.0, 0.6661681598904353, 0.9109090909090909]
30 [49.0, 35.0, 14.0, 452.0, 0.6661681598904353, 0.9109090909090909]
31 [49.0, 35.0, 13.0, 453.0, 0.6707353900045567, 0.9127272727272727]
32 [49.0, 35.0, 14.0, 452.0, 0.6661681598904353, 0.9109090909090909]
33 [50.0, 34.0, 15.0, 451.0, 0.670640421386711, 0.9109090909090909]
34 [48.0, 36.0, 14.0, 452.0, 0.6570369549176747, 0.9090909090909091]
35 [48.0, 36.0, 14.0, 452.0, 0.6570369549176747, 0.9090909090909091]
36 [48.0, 36.0, 15.0, 451.0, 0.6525629103049712, 0.9072727272727272]
37 [48.0, 36.0, 15.0, 451.0, 0.6525629103049712, 0.9072727272727272]
38 [48.0, 36.0, 15.0, 451.0, 0.6525629103049712, 0.9072727272727272]
39 [48.0, 36.0, 15.0, 451.0, 0.6525629103049712, 0.9072727272727272]
40 [48.0, 36.0, 15.0, 451.0, 0.6525629103049712, 0.9072727272727272]
41 [48.0, 36.0, 15.0, 451.0, 0.6525629103049712, 0.9072727272727272]
42 [48.0, 36.0, 14.0, 452.0, 0.6570369549176747, 0.9090909090909091]
43 [48.0, 36.0, 15.0, 451.0, 0.6525629103049712, 0.9072727272727272]
44 [49.0, 35.0, 15.0, 451.0, 0.6616627082747052, 0.9090909090909091]
45 [48.0, 36.0, 14.0, 452.0, 0.6570369549176747, 0.9090909090909091]
46 [48.0, 36.0, 14.0, 452.0, 0.6570369549176747, 0.9090909090909091]
47 [48.0, 36.0, 14.0, 452.0, 0.6570369549176747, 0.9090909090909091]
48 [48.0, 36.0, 14.0, 452.0, 0.6570369549176747, 0.9090909090909091]
49 [48.0, 36.0, 14.0, 452.0, 0.6570369549176747, 0.9090909090909091]
50 [48.0, 36.0, 14.0, 452.0, 0.6570369549176747, 0.9090909090909091]
[48.0, 36.0, 14.0, 452.0, 0.6570369549176747, 0.9090909090909091]
precious=0.571421768788	recall=0.774181061596	f_scores=0.657036954918
p_avg=0.348280097304	r_avg=0.469272488135	f_avg=0.398369697226
