1 [0.0, 81.0, 0.0, 469.0, 0.0, 0.8527272727272728]
2 [31.0, 50.0, 32.0, 437.0, 0.43005794999093233, 0.850909090909091]
3 [43.0, 38.0, 42.0, 427.0, 0.5175668192471868, 0.8545454545454545]
4 [53.0, 28.0, 52.0, 417.0, 0.5693950936235291, 0.8545454545454545]
5 [60.0, 21.0, 53.0, 416.0, 0.618064310115739, 0.8654545454545455]
6 [60.0, 21.0, 57.0, 412.0, 0.6055713982649082, 0.8581818181818182]
7 [60.0, 21.0, 60.0, 409.0, 0.596528195907919, 0.8527272727272728]
8 [61.0, 20.0, 63.0, 406.0, 0.5946385272155805, 0.8490909090909091]
9 [61.0, 20.0, 43.0, 426.0, 0.6589604255467382, 0.8854545454545455]
10 [54.0, 27.0, 36.0, 433.0, 0.6310733389132065, 0.8854545454545455]
11 [52.0, 29.0, 25.0, 444.0, 0.6577202157000723, 0.9018181818181819]
12 [49.0, 32.0, 24.0, 445.0, 0.6358571117120154, 0.8981818181818182]
13 [46.0, 35.0, 21.0, 448.0, 0.6211180900902898, 0.8981818181818182]
14 [45.0, 36.0, 21.0, 448.0, 0.611742173789353, 0.8963636363636364]
15 [47.0, 34.0, 25.0, 444.0, 0.6138731878133509, 0.8927272727272727]
16 [48.0, 33.0, 26.0, 443.0, 0.6188482685648307, 0.8927272727272727]
17 [45.0, 36.0, 27.0, 442.0, 0.587729756638772, 0.8854545454545455]
18 [47.0, 34.0, 26.0, 443.0, 0.6098834396594786, 0.8909090909090909]
19 [48.0, 33.0, 26.0, 443.0, 0.6188482685648307, 0.8927272727272727]
20 [48.0, 33.0, 26.0, 443.0, 0.6188482685648307, 0.8927272727272727]
21 [48.0, 33.0, 28.0, 441.0, 0.6109580936938952, 0.889090909090909]
22 [49.0, 32.0, 27.0, 442.0, 0.623696776607056, 0.8927272727272727]
23 [49.0, 32.0, 30.0, 439.0, 0.6119928296768016, 0.8872727272727273]
24 [48.0, 33.0, 26.0, 443.0, 0.6188482685648307, 0.8927272727272727]
25 [48.0, 33.0, 27.0, 442.0, 0.6148778702912486, 0.8909090909090909]
26 [49.0, 32.0, 26.0, 443.0, 0.627698210495168, 0.8945454545454545]
27 [49.0, 32.0, 27.0, 442.0, 0.623696776607056, 0.8927272727272727]
28 [49.0, 32.0, 27.0, 442.0, 0.623696776607056, 0.8927272727272727]
29 [50.0, 31.0, 26.0, 443.0, 0.6364354598525044, 0.8963636363636364]
30 [51.0, 30.0, 26.0, 443.0, 0.6450621555070458, 0.8981818181818182]
31 [50.0, 31.0, 26.0, 443.0, 0.6364354598525044, 0.8963636363636364]
32 [50.0, 31.0, 26.0, 443.0, 0.6364354598525044, 0.8963636363636364]
33 [49.0, 32.0, 26.0, 443.0, 0.627698210495168, 0.8945454545454545]
34 [51.0, 30.0, 26.0, 443.0, 0.6450621555070458, 0.8981818181818182]
35 [49.0, 32.0, 26.0, 443.0, 0.627698210495168, 0.8945454545454545]
36 [52.0, 29.0, 26.0, 443.0, 0.6535803825427403, 0.9]
37 [51.0, 30.0, 26.0, 443.0, 0.6450621555070458, 0.8981818181818182]
38 [49.0, 32.0, 26.0, 443.0, 0.627698210495168, 0.8945454545454545]
39 [52.0, 29.0, 26.0, 443.0, 0.6535803825427403, 0.9]
40 [52.0, 29.0, 26.0, 443.0, 0.6535803825427403, 0.9]
41 [52.0, 29.0, 26.0, 443.0, 0.6535803825427403, 0.9]
42 [50.0, 31.0, 26.0, 443.0, 0.6364354598525044, 0.8963636363636364]
43 [51.0, 30.0, 26.0, 443.0, 0.6450621555070458, 0.8981818181818182]
44 [51.0, 30.0, 26.0, 443.0, 0.6450621555070458, 0.8981818181818182]
45 [51.0, 30.0, 27.0, 442.0, 0.6410019318876967, 0.8963636363636364]
46 [50.0, 31.0, 26.0, 443.0, 0.6364354598525044, 0.8963636363636364]
47 [50.0, 31.0, 26.0, 443.0, 0.6364354598525044, 0.8963636363636364]
48 [51.0, 30.0, 26.0, 443.0, 0.6450621555070458, 0.8981818181818182]
49 [50.0, 31.0, 26.0, 443.0, 0.6364354598525044, 0.8963636363636364]
50 [50.0, 31.0, 26.0, 443.0, 0.6364354598525044, 0.8963636363636364]
[50.0, 31.0, 26.0, 443.0, 0.6364354598525044, 0.8963636363636364]
precious=0.617276329922	recall=0.657886080446	f_scores=0.636435459853
p_avg=0.554057730194	r_avg=0.596730473563	f_avg=0.572910278644
