1 [0.0, 86.0, 0.0, 464.0, 0.0, 0.8436363636363636]
2 [5.0, 81.0, 2.0, 462.0, 0.10738552703332088, 0.8490909090909091]
3 [14.0, 72.0, 3.0, 461.0, 0.27156403717977445, 0.8636363636363636]
4 [24.0, 62.0, 6.0, 458.0, 0.41340284818958833, 0.8763636363636363]
5 [29.0, 57.0, 6.0, 458.0, 0.4789200955249698, 0.8854545454545455]
6 [34.0, 52.0, 7.0, 457.0, 0.5349877688778767, 0.8927272727272727]
7 [35.0, 51.0, 8.0, 456.0, 0.542183163653861, 0.8927272727272727]
8 [40.0, 46.0, 12.0, 452.0, 0.5792324735228014, 0.8945454545454545]
9 [45.0, 41.0, 15.0, 449.0, 0.6159461480660426, 0.8981818181818182]
10 [45.0, 41.0, 16.0, 448.0, 0.6117514141384864, 0.8963636363636364]
11 [50.0, 36.0, 17.0, 447.0, 0.6530943086586354, 0.9036363636363637]
12 [53.0, 33.0, 18.0, 446.0, 0.6746555622792361, 0.9072727272727272]
13 [54.0, 32.0, 20.0, 444.0, 0.6744947409857068, 0.9054545454545454]
14 [54.0, 32.0, 20.0, 444.0, 0.6744947409857068, 0.9054545454545454]
15 [53.0, 33.0, 19.0, 445.0, 0.6703818759283969, 0.9054545454545454]
16 [51.0, 35.0, 19.0, 445.0, 0.6533434049462913, 0.9018181818181819]
17 [51.0, 35.0, 21.0, 443.0, 0.6450657550529489, 0.8981818181818182]
18 [49.0, 37.0, 16.0, 448.0, 0.6485080670616552, 0.9036363636363637]
19 [51.0, 35.0, 18.0, 446.0, 0.6575624100405015, 0.9036363636363637]
20 [51.0, 35.0, 17.0, 447.0, 0.6618362582556575, 0.9054545454545454]
21 [51.0, 35.0, 17.0, 447.0, 0.6618362582556575, 0.9054545454545454]
22 [51.0, 35.0, 14.0, 450.0, 0.6749977679235997, 0.9109090909090909]
23 [50.0, 36.0, 17.0, 447.0, 0.6530943086586354, 0.9036363636363637]
24 [51.0, 35.0, 14.0, 450.0, 0.6749977679235997, 0.9109090909090909]
25 [50.0, 36.0, 17.0, 447.0, 0.6530943086586354, 0.9036363636363637]
26 [51.0, 35.0, 16.0, 448.0, 0.6661660259515253, 0.9072727272727272]
27 [50.0, 36.0, 16.0, 448.0, 0.6573951034155209, 0.9054545454545454]
28 [51.0, 35.0, 17.0, 447.0, 0.6618362582556575, 0.9054545454545454]
29 [51.0, 35.0, 17.0, 447.0, 0.6618362582556575, 0.9054545454545454]
30 [52.0, 34.0, 18.0, 446.0, 0.6661637462149863, 0.9054545454545454]
31 [51.0, 35.0, 16.0, 448.0, 0.6661660259515253, 0.9072727272727272]
32 [52.0, 34.0, 16.0, 448.0, 0.674823095530965, 0.9090909090909091]
33 [53.0, 33.0, 17.0, 447.0, 0.6789840877547434, 0.9090909090909091]
34 [51.0, 35.0, 15.0, 449.0, 0.6705528178397604, 0.9090909090909091]
35 [52.0, 34.0, 17.0, 447.0, 0.6704654622352613, 0.9072727272727272]
36 [52.0, 34.0, 15.0, 449.0, 0.6792377435234336, 0.9109090909090909]
37 [54.0, 32.0, 17.0, 447.0, 0.6873942467833103, 0.9109090909090909]
38 [52.0, 34.0, 16.0, 448.0, 0.674823095530965, 0.9090909090909091]
39 [53.0, 33.0, 16.0, 448.0, 0.6833685146985292, 0.9109090909090909]
40 [54.0, 32.0, 18.0, 446.0, 0.6830399367648136, 0.9090909090909091]
41 [54.0, 32.0, 16.0, 448.0, 0.6918044295505142, 0.9127272727272727]
42 [55.0, 31.0, 17.0, 447.0, 0.6956979978477082, 0.9127272727272727]
43 [54.0, 32.0, 16.0, 448.0, 0.6918044295505142, 0.9127272727272727]
44 [55.0, 31.0, 16.0, 448.0, 0.7001329315316768, 0.9145454545454546]
45 [54.0, 32.0, 17.0, 447.0, 0.6873942467833103, 0.9109090909090909]
46 [54.0, 32.0, 16.0, 448.0, 0.6918044295505142, 0.9127272727272727]
47 [54.0, 32.0, 16.0, 448.0, 0.6918044295505142, 0.9127272727272727]
48 [54.0, 32.0, 16.0, 448.0, 0.6918044295505142, 0.9127272727272727]
49 [55.0, 31.0, 16.0, 448.0, 0.7001329315316768, 0.9145454545454546]
50 [54.0, 32.0, 17.0, 447.0, 0.6873942467833103, 0.9109090909090909]
[54.0, 32.0, 17.0, 447.0, 0.6873942467833103, 0.9109090909090909]
precious=0.627899675585	recall=0.760552668272	f_scores=0.687394246783
p_avg=0.0627899675585	r_avg=0.0760552668272	f_avg=0.0687394246783
