1 [0.0, 87.0, 0.0, 463.0, 0.0, 0.8418181818181818]
2 [3.0, 84.0, 1.0, 462.0, 0.06584865781260305, 0.8454545454545455]
3 [19.0, 68.0, 3.0, 460.0, 0.3482955524466734, 0.8709090909090909]
4 [28.0, 59.0, 7.0, 456.0, 0.45860006593848307, 0.88]
5 [35.0, 52.0, 8.0, 455.0, 0.5380108946238756, 0.8909090909090909]
6 [38.0, 49.0, 9.0, 454.0, 0.5667006315654122, 0.8945454545454545]
7 [40.0, 47.0, 11.0, 452.0, 0.5792361431895011, 0.8945454545454545]
8 [43.0, 44.0, 16.0, 447.0, 0.5885518098399638, 0.8909090909090909]
9 [50.0, 37.0, 22.0, 441.0, 0.6284277466540446, 0.8927272727272727]
10 [51.0, 36.0, 25.0, 438.0, 0.6252618657422228, 0.889090909090909]
11 [54.0, 33.0, 28.0, 435.0, 0.6385465196350868, 0.889090909090909]
12 [59.0, 28.0, 28.0, 435.0, 0.6776534930534301, 0.8981818181818182]
13 [59.0, 28.0, 32.0, 431.0, 0.6624145287898234, 0.8909090909090909]
14 [60.0, 27.0, 33.0, 430.0, 0.6661601887759686, 0.8909090909090909]
15 [58.0, 29.0, 29.0, 434.0, 0.6661593786427599, 0.8945454545454545]
16 [61.0, 26.0, 30.0, 433.0, 0.6848861740777459, 0.8981818181818182]
17 [59.0, 28.0, 30.0, 433.0, 0.6699473638156432, 0.8945454545454545]
18 [60.0, 27.0, 30.0, 433.0, 0.677458953052008, 0.8963636363636364]
19 [58.0, 29.0, 29.0, 434.0, 0.6661593786427599, 0.8945454545454545]
20 [59.0, 28.0, 29.0, 434.0, 0.6737783950455228, 0.8963636363636364]
21 [59.0, 28.0, 29.0, 434.0, 0.6737783950455228, 0.8963636363636364]
22 [59.0, 28.0, 29.0, 434.0, 0.6737783950455228, 0.8963636363636364]
23 [59.0, 28.0, 30.0, 433.0, 0.6699473638156432, 0.8945454545454545]
24 [59.0, 28.0, 28.0, 435.0, 0.6776534930534301, 0.8981818181818182]
25 [58.0, 29.0, 27.0, 436.0, 0.6739112005873085, 0.8981818181818182]
26 [58.0, 29.0, 29.0, 434.0, 0.6661593786427599, 0.8945454545454545]
27 [59.0, 28.0, 29.0, 434.0, 0.6737783950455228, 0.8963636363636364]
28 [58.0, 29.0, 29.0, 434.0, 0.6661593786427599, 0.8945454545454545]
29 [59.0, 28.0, 30.0, 433.0, 0.6699473638156432, 0.8945454545454545]
30 [58.0, 29.0, 26.0, 437.0, 0.677855161057713, 0.9]
31 [58.0, 29.0, 27.0, 436.0, 0.6739112005873085, 0.8981818181818182]
32 [58.0, 29.0, 23.0, 440.0, 0.6899689692485422, 0.9054545454545454]
33 [57.0, 30.0, 25.0, 438.0, 0.6740490375439553, 0.9]
34 [57.0, 30.0, 27.0, 436.0, 0.6661593978696101, 0.8963636363636364]
35 [58.0, 29.0, 27.0, 436.0, 0.6739112005873085, 0.8981818181818182]
36 [59.0, 28.0, 26.0, 437.0, 0.6855389660853778, 0.9018181818181819]
37 [57.0, 30.0, 26.0, 437.0, 0.6700809950450882, 0.8981818181818182]
38 [59.0, 28.0, 25.0, 438.0, 0.6895509244643702, 0.9036363636363637]
39 [58.0, 29.0, 24.0, 439.0, 0.685883210651686, 0.9036363636363637]
40 [58.0, 29.0, 24.0, 439.0, 0.685883210651686, 0.9036363636363637]
41 [57.0, 30.0, 23.0, 440.0, 0.6821277985121652, 0.9036363636363637]
42 [58.0, 29.0, 25.0, 438.0, 0.6818455561095738, 0.9018181818181819]
43 [57.0, 30.0, 23.0, 440.0, 0.6821277985121652, 0.9036363636363637]
44 [58.0, 29.0, 23.0, 440.0, 0.6899689692485422, 0.9054545454545454]
45 [57.0, 30.0, 22.0, 441.0, 0.6862402373224755, 0.9054545454545454]
46 [57.0, 30.0, 23.0, 440.0, 0.6821277985121652, 0.9036363636363637]
47 [59.0, 28.0, 21.0, 442.0, 0.7060795951192276, 0.9109090909090909]
48 [58.0, 29.0, 22.0, 441.0, 0.6941036967092787, 0.9072727272727272]
49 [57.0, 30.0, 20.0, 443.0, 0.6946156899215765, 0.9090909090909091]
50 [58.0, 29.0, 21.0, 442.0, 0.6982882786979256, 0.9090909090909091]
[58.0, 29.0, 21.0, 442.0, 0.6982882786979256, 0.9090909090909091]
precious=0.666659003919	recall=0.734167921925	f_scores=0.698288278698
p_avg=0.351603946006	r_avg=0.452437405163	f_avg=0.394661292751
