1 [0.0, 92.0, 0.0, 458.0, 0.0, 0.8327272727272728]
2 [1.0, 91.0, 0.0, 458.0, 0.021483640213117678, 0.8345454545454546]
3 [12.0, 80.0, 2.0, 456.0, 0.2261817810752628, 0.850909090909091]
4 [29.0, 63.0, 3.0, 455.0, 0.46735176641966686, 0.88]
5 [38.0, 54.0, 6.0, 452.0, 0.558377936039438, 0.8909090909090909]
6 [43.0, 49.0, 10.0, 448.0, 0.5926318003327259, 0.8927272727272727]
7 [46.0, 46.0, 14.0, 444.0, 0.6047777310421297, 0.8909090909090909]
8 [48.0, 44.0, 19.0, 439.0, 0.60327874464578, 0.8854545454545455]
9 [53.0, 39.0, 22.0, 436.0, 0.6342285040316303, 0.889090909090909]
10 [53.0, 39.0, 20.0, 438.0, 0.641923463946363, 0.8927272727272727]
11 [58.0, 34.0, 24.0, 434.0, 0.6661610276075942, 0.8945454545454545]
12 [59.0, 33.0, 24.0, 434.0, 0.673779699205834, 0.8963636363636364]
13 [56.0, 36.0, 22.0, 436.0, 0.6583195436188157, 0.8945454545454545]
14 [56.0, 36.0, 26.0, 432.0, 0.643172799377592, 0.8872727272727273]
15 [55.0, 37.0, 24.0, 434.0, 0.6427706037821244, 0.889090909090909]
16 [56.0, 36.0, 26.0, 432.0, 0.643172799377592, 0.8872727272727273]
17 [56.0, 36.0, 23.0, 435.0, 0.654466366572712, 0.8927272727272727]
18 [54.0, 38.0, 21.0, 437.0, 0.6462044013792807, 0.8927272727272727]
19 [56.0, 36.0, 21.0, 437.0, 0.6622183606045567, 0.8963636363636364]
20 [55.0, 37.0, 20.0, 438.0, 0.6581802989861012, 0.8963636363636364]
21 [55.0, 37.0, 21.0, 437.0, 0.6542590197538461, 0.8945454545454545]
22 [55.0, 37.0, 20.0, 438.0, 0.6581802989861012, 0.8963636363636364]
23 [56.0, 36.0, 21.0, 437.0, 0.6622183606045567, 0.8963636363636364]
24 [55.0, 37.0, 21.0, 437.0, 0.6542590197538461, 0.8945454545454545]
25 [56.0, 36.0, 21.0, 437.0, 0.6622183606045567, 0.8963636363636364]
26 [56.0, 36.0, 22.0, 436.0, 0.6583195436188157, 0.8945454545454545]
27 [55.0, 37.0, 20.0, 438.0, 0.6581802989861012, 0.8963636363636364]
28 [54.0, 38.0, 20.0, 438.0, 0.6501008249416909, 0.8945454545454545]
29 [56.0, 36.0, 20.0, 438.0, 0.6661636332518307, 0.8981818181818182]
30 [55.0, 37.0, 20.0, 438.0, 0.6581802989861012, 0.8963636363636364]
31 [55.0, 37.0, 19.0, 439.0, 0.6621488657425432, 0.8981818181818182]
32 [56.0, 36.0, 19.0, 439.0, 0.670156196838218, 0.9]
33 [55.0, 37.0, 19.0, 439.0, 0.6621488657425432, 0.8981818181818182]
34 [55.0, 37.0, 18.0, 440.0, 0.6661655805872093, 0.9]
35 [55.0, 37.0, 19.0, 439.0, 0.6621488657425432, 0.8981818181818182]
36 [55.0, 37.0, 20.0, 438.0, 0.6581802989861012, 0.8963636363636364]
37 [55.0, 37.0, 19.0, 439.0, 0.6621488657425432, 0.8981818181818182]
38 [55.0, 37.0, 19.0, 439.0, 0.6621488657425432, 0.8981818181818182]
39 [55.0, 37.0, 19.0, 439.0, 0.6621488657425432, 0.8981818181818182]
40 [55.0, 37.0, 19.0, 439.0, 0.6621488657425432, 0.8981818181818182]
41 [55.0, 37.0, 20.0, 438.0, 0.6581802989861012, 0.8963636363636364]
42 [55.0, 37.0, 19.0, 439.0, 0.6621488657425432, 0.8981818181818182]
43 [55.0, 37.0, 19.0, 439.0, 0.6621488657425432, 0.8981818181818182]
44 [55.0, 37.0, 19.0, 439.0, 0.6621488657425432, 0.8981818181818182]
45 [55.0, 37.0, 19.0, 439.0, 0.6621488657425432, 0.8981818181818182]
46 [55.0, 37.0, 19.0, 439.0, 0.6621488657425432, 0.8981818181818182]
47 [55.0, 37.0, 19.0, 439.0, 0.6621488657425432, 0.8981818181818182]
48 [55.0, 37.0, 19.0, 439.0, 0.6621488657425432, 0.8981818181818182]
49 [55.0, 37.0, 19.0, 439.0, 0.6621488657425432, 0.8981818181818182]
50 [55.0, 37.0, 19.0, 439.0, 0.6621488657425432, 0.8981818181818182]
[55.0, 37.0, 19.0, 439.0, 0.6621488657425432, 0.8981818181818182]
precious=0.597819588918	recall=0.743233199551	f_scores=0.662148865743
p_avg=0.530828850053	r_avg=0.676580758782	f_avg=0.593593252853
