1 [0.0, 76.0, 0.0, 474.0, 0.0, 0.8618181818181818]
2 [8.0, 68.0, 2.0, 472.0, 0.18583688168264043, 0.8727272727272727]
3 [21.0, 55.0, 8.0, 466.0, 0.3995929579405013, 0.8854545454545455]
4 [28.0, 48.0, 10.0, 464.0, 0.49077540766007577, 0.8945454545454545]
5 [35.0, 41.0, 15.0, 459.0, 0.5550684388214473, 0.8981818181818182]
6 [41.0, 35.0, 21.0, 453.0, 0.5936998446471525, 0.8981818181818182]
7 [45.0, 31.0, 26.0, 448.0, 0.6117375537194653, 0.8963636363636364]
8 [50.0, 26.0, 26.0, 448.0, 0.6573864601627216, 0.9054545454545454]
9 [49.0, 27.0, 21.0, 453.0, 0.6707248972016293, 0.9127272727272727]
10 [47.0, 29.0, 22.0, 452.0, 0.6477684692566444, 0.9072727272727272]
11 [49.0, 27.0, 23.0, 451.0, 0.6616539560864797, 0.9090909090909091]
12 [47.0, 29.0, 27.0, 447.0, 0.6261587985908101, 0.8981818181818182]
13 [48.0, 28.0, 22.0, 452.0, 0.657026462436205, 0.9090909090909091]
14 [51.0, 25.0, 24.0, 450.0, 0.6749881336092606, 0.9109090909090909]
15 [48.0, 28.0, 23.0, 451.0, 0.6525532995114932, 0.9072727272727272]
16 [50.0, 26.0, 22.0, 452.0, 0.6751672794585709, 0.9127272727272727]
17 [50.0, 26.0, 23.0, 451.0, 0.6706325057292252, 0.9109090909090909]
18 [46.0, 30.0, 22.0, 452.0, 0.6383819473172513, 0.9054545454545454]
19 [48.0, 28.0, 22.0, 452.0, 0.657026462436205, 0.9090909090909091]
20 [48.0, 28.0, 22.0, 452.0, 0.657026462436205, 0.9090909090909091]
21 [49.0, 27.0, 21.0, 453.0, 0.6707248972016293, 0.9127272727272727]
22 [46.0, 30.0, 22.0, 452.0, 0.6383819473172513, 0.9054545454545454]
23 [50.0, 26.0, 22.0, 452.0, 0.6751672794585709, 0.9127272727272727]
24 [48.0, 28.0, 22.0, 452.0, 0.657026462436205, 0.9090909090909091]
25 [47.0, 29.0, 22.0, 452.0, 0.6477684692566444, 0.9072727272727272]
26 [49.0, 27.0, 22.0, 452.0, 0.6661585488000722, 0.9109090909090909]
27 [47.0, 29.0, 22.0, 452.0, 0.6477684692566444, 0.9072727272727272]
28 [49.0, 27.0, 22.0, 452.0, 0.6661585488000722, 0.9109090909090909]
29 [47.0, 29.0, 22.0, 452.0, 0.6477684692566444, 0.9072727272727272]
30 [49.0, 27.0, 22.0, 452.0, 0.6661585488000722, 0.9109090909090909]
31 [48.0, 28.0, 21.0, 453.0, 0.6615613744731684, 0.9109090909090909]
32 [48.0, 28.0, 22.0, 452.0, 0.657026462436205, 0.9090909090909091]
33 [47.0, 29.0, 22.0, 452.0, 0.6477684692566444, 0.9072727272727272]
34 [47.0, 29.0, 20.0, 454.0, 0.6568358213810651, 0.9109090909090909]
35 [47.0, 29.0, 22.0, 452.0, 0.6477684692566444, 0.9072727272727272]
36 [47.0, 29.0, 21.0, 453.0, 0.6522706350459168, 0.9090909090909091]
37 [48.0, 28.0, 22.0, 452.0, 0.657026462436205, 0.9090909090909091]
38 [48.0, 28.0, 21.0, 453.0, 0.6615613744731684, 0.9109090909090909]
39 [46.0, 30.0, 20.0, 454.0, 0.6473810602595585, 0.9090909090909091]
40 [46.0, 30.0, 21.0, 453.0, 0.6428500111909079, 0.9072727272727272]
41 [47.0, 29.0, 22.0, 452.0, 0.6477684692566444, 0.9072727272727272]
42 [46.0, 30.0, 20.0, 454.0, 0.6473810602595585, 0.9090909090909091]
43 [47.0, 29.0, 20.0, 454.0, 0.6568358213810651, 0.9109090909090909]
44 [46.0, 30.0, 21.0, 453.0, 0.6428500111909079, 0.9072727272727272]
45 [47.0, 29.0, 19.0, 455.0, 0.661465360814728, 0.9127272727272727]
46 [46.0, 30.0, 20.0, 454.0, 0.6473810602595585, 0.9090909090909091]
47 [46.0, 30.0, 21.0, 453.0, 0.6428500111909079, 0.9072727272727272]
48 [46.0, 30.0, 20.0, 454.0, 0.6473810602595585, 0.9090909090909091]
49 [47.0, 29.0, 20.0, 454.0, 0.6568358213810651, 0.9109090909090909]
50 [46.0, 30.0, 19.0, 455.0, 0.6519764358072293, 0.9109090909090909]
[46.0, 30.0, 19.0, 455.0, 0.6519764358072293, 0.9109090909090909]
precious=0.605255194011	recall=0.707681420286	f_scores=0.651976435807
p_avg=0.0605255194011	r_avg=0.0707681420286	f_avg=0.0651976435807
