1 [0.0, 92.0, 0.0, 458.0, 0.0, 0.8327272727272728]
2 [32.0, 60.0, 24.0, 434.0, 0.43195668285730476, 0.8472727272727273]
3 [53.0, 39.0, 33.0, 425.0, 0.5949999135872671, 0.8690909090909091]
4 [53.0, 39.0, 41.0, 417.0, 0.5693868413151354, 0.8545454545454545]
5 [60.0, 32.0, 45.0, 413.0, 0.6086334555755561, 0.86]
6 [61.0, 31.0, 50.0, 408.0, 0.6004840891160627, 0.8527272727272728]
7 [61.0, 31.0, 49.0, 409.0, 0.6034587934700536, 0.8545454545454545]
8 [64.0, 28.0, 51.0, 407.0, 0.617858080297323, 0.8563636363636363]
9 [60.0, 32.0, 43.0, 415.0, 0.6148802981843033, 0.8636363636363636]
10 [56.0, 36.0, 30.0, 428.0, 0.6287073776175216, 0.88]
11 [57.0, 35.0, 26.0, 432.0, 0.650922830491383, 0.889090909090909]
12 [60.0, 32.0, 35.0, 423.0, 0.6412048845647774, 0.8781818181818182]
13 [57.0, 35.0, 24.0, 434.0, 0.6584543170797809, 0.8927272727272727]
14 [61.0, 31.0, 27.0, 431.0, 0.6772708621261944, 0.8945454545454545]
15 [60.0, 32.0, 27.0, 431.0, 0.6698843333115653, 0.8927272727272727]
16 [60.0, 32.0, 22.0, 436.0, 0.6891492567225879, 0.9018181818181819]
17 [61.0, 31.0, 25.0, 433.0, 0.6848864892277643, 0.8981818181818182]
18 [61.0, 31.0, 25.0, 433.0, 0.6848864892277643, 0.8981818181818182]
19 [61.0, 31.0, 26.0, 432.0, 0.6810573867355466, 0.8963636363636364]
20 [61.0, 31.0, 26.0, 432.0, 0.6810573867355466, 0.8963636363636364]
21 [61.0, 31.0, 26.0, 432.0, 0.6810573867355466, 0.8963636363636364]
22 [61.0, 31.0, 25.0, 433.0, 0.6848864892277643, 0.8981818181818182]
23 [61.0, 31.0, 25.0, 433.0, 0.6848864892277643, 0.8981818181818182]
24 [61.0, 31.0, 26.0, 432.0, 0.6810573867355466, 0.8963636363636364]
25 [60.0, 32.0, 24.0, 434.0, 0.6813118318969421, 0.8981818181818182]
26 [62.0, 30.0, 25.0, 433.0, 0.6922304403559961, 0.9]
27 [62.0, 30.0, 24.0, 434.0, 0.6961223121773175, 0.9018181818181819]
28 [58.0, 34.0, 23.0, 435.0, 0.6700148705945883, 0.8963636363636364]
29 [62.0, 30.0, 23.0, 435.0, 0.7000581933480083, 0.9036363636363637]
30 [62.0, 30.0, 24.0, 434.0, 0.6961223121773175, 0.9018181818181819]
31 [62.0, 30.0, 23.0, 435.0, 0.7000581933480083, 0.9036363636363637]
32 [62.0, 30.0, 23.0, 435.0, 0.7000581933480083, 0.9036363636363637]
33 [63.0, 29.0, 22.0, 436.0, 0.7113574950617211, 0.9072727272727272]
34 [62.0, 30.0, 23.0, 435.0, 0.7000581933480083, 0.9036363636363637]
35 [62.0, 30.0, 22.0, 436.0, 0.7040388346003646, 0.9054545454545454]
36 [62.0, 30.0, 23.0, 435.0, 0.7000581933480083, 0.9036363636363637]
37 [61.0, 31.0, 22.0, 436.0, 0.6966365687669706, 0.9036363636363637]
38 [61.0, 31.0, 23.0, 435.0, 0.6926753331523102, 0.9018181818181819]
39 [61.0, 31.0, 22.0, 436.0, 0.6966365687669706, 0.9036363636363637]
40 [62.0, 30.0, 22.0, 436.0, 0.7040388346003646, 0.9054545454545454]
41 [61.0, 31.0, 23.0, 435.0, 0.6926753331523102, 0.9018181818181819]
42 [61.0, 31.0, 22.0, 436.0, 0.6966365687669706, 0.9036363636363637]
43 [62.0, 30.0, 22.0, 436.0, 0.7040388346003646, 0.9054545454545454]
44 [62.0, 30.0, 23.0, 435.0, 0.7000581933480083, 0.9036363636363637]
45 [61.0, 31.0, 22.0, 436.0, 0.6966365687669706, 0.9036363636363637]
46 [61.0, 31.0, 22.0, 436.0, 0.6966365687669706, 0.9036363636363637]
47 [61.0, 31.0, 22.0, 436.0, 0.6966365687669706, 0.9036363636363637]
48 [61.0, 31.0, 22.0, 436.0, 0.6966365687669706, 0.9036363636363637]
49 [61.0, 31.0, 22.0, 436.0, 0.6966365687669706, 0.9036363636363637]
50 [61.0, 31.0, 22.0, 436.0, 0.6966365687669706, 0.9036363636363637]
[61.0, 31.0, 22.0, 436.0, 0.6966365687669706, 0.9036363636363637]
precious=0.663036271345	recall=0.734930904447	f_scores=0.696636568767
p_avg=0.136302627149	r_avg=0.141547700797	f_avg=0.138626815471
