1 [0.0, 96.0, 0.0, 454.0, 0.0, 0.8254545454545454]
2 [10.0, 86.0, 4.0, 450.0, 0.18159298835315996, 0.8363636363636363]
3 [32.0, 64.0, 7.0, 447.0, 0.4736565398037779, 0.8709090909090909]
4 [37.0, 59.0, 9.0, 445.0, 0.520681778621366, 0.8763636363636363]
5 [46.0, 50.0, 13.0, 441.0, 0.5930695931970796, 0.8854545454545455]
6 [56.0, 40.0, 16.0, 438.0, 0.6661692936824051, 0.8981818181818182]
7 [58.0, 38.0, 14.0, 440.0, 0.6899785216577082, 0.9054545454545454]
8 [56.0, 40.0, 12.0, 442.0, 0.682433420096994, 0.9054545454545454]
9 [51.0, 45.0, 11.0, 443.0, 0.64508495330958, 0.8981818181818182]
10 [53.0, 43.0, 11.0, 443.0, 0.662012065880384, 0.9018181818181819]
11 [53.0, 43.0, 11.0, 443.0, 0.662012065880384, 0.9018181818181819]
12 [55.0, 41.0, 12.0, 442.0, 0.6743545189979091, 0.9036363636363637]
13 [55.0, 41.0, 14.0, 440.0, 0.6661723289936592, 0.9]
14 [56.0, 40.0, 13.0, 441.0, 0.678293387859339, 0.9036363636363637]
15 [57.0, 39.0, 13.0, 441.0, 0.686251325779034, 0.9054545454545454]
16 [57.0, 39.0, 13.0, 441.0, 0.686251325779034, 0.9054545454545454]
17 [58.0, 38.0, 12.0, 442.0, 0.698299367428943, 0.9090909090909091]
18 [60.0, 36.0, 14.0, 440.0, 0.7053827642152485, 0.9090909090909091]
19 [61.0, 35.0, 13.0, 441.0, 0.7171473260854334, 0.9127272727272727]
20 [59.0, 37.0, 13.0, 441.0, 0.7018831359601625, 0.9090909090909091]
21 [61.0, 35.0, 14.0, 440.0, 0.7129498283426077, 0.9109090909090909]
22 [60.0, 36.0, 12.0, 442.0, 0.7137877504585041, 0.9127272727272727]
23 [62.0, 34.0, 15.0, 439.0, 0.7162610905956739, 0.9109090909090909]
24 [65.0, 31.0, 16.0, 438.0, 0.7339589040411292, 0.9145454545454546]
25 [60.0, 36.0, 14.0, 440.0, 0.7053827642152485, 0.9090909090909091]
26 [63.0, 33.0, 15.0, 439.0, 0.7236352960174108, 0.9127272727272727]
27 [63.0, 33.0, 14.0, 440.0, 0.7278216451929137, 0.9145454545454546]
28 [62.0, 34.0, 16.0, 438.0, 0.7121411807025598, 0.9090909090909091]
29 [64.0, 32.0, 15.0, 439.0, 0.7309252657533801, 0.9145454545454546]
30 [64.0, 32.0, 14.0, 440.0, 0.7351294115022221, 0.9163636363636364]
31 [65.0, 31.0, 17.0, 437.0, 0.729832303543316, 0.9127272727272727]
32 [64.0, 32.0, 18.0, 436.0, 0.7185964800078165, 0.9090909090909091]
33 [64.0, 32.0, 15.0, 439.0, 0.7309252657533801, 0.9145454545454546]
34 [64.0, 32.0, 14.0, 440.0, 0.7351294115022221, 0.9163636363636364]
35 [65.0, 31.0, 16.0, 438.0, 0.7339589040411292, 0.9145454545454546]
36 [65.0, 31.0, 15.0, 439.0, 0.7381324349450203, 0.9163636363636364]
37 [66.0, 30.0, 16.0, 438.0, 0.7410681272385695, 0.9163636363636364]
38 [64.0, 32.0, 13.0, 441.0, 0.7393821999586752, 0.9181818181818182]
39 [66.0, 30.0, 15.0, 439.0, 0.7452582063168122, 0.9181818181818182]
40 [65.0, 31.0, 14.0, 440.0, 0.7423537014184279, 0.9181818181818182]
41 [64.0, 32.0, 13.0, 441.0, 0.7393821999586752, 0.9181818181818182]
42 [65.0, 31.0, 15.0, 439.0, 0.7381324349450203, 0.9163636363636364]
43 [66.0, 30.0, 15.0, 439.0, 0.7452582063168122, 0.9181818181818182]
44 [65.0, 31.0, 14.0, 440.0, 0.7423537014184279, 0.9181818181818182]
45 [66.0, 30.0, 14.0, 440.0, 0.749495937140756, 0.92]
46 [64.0, 32.0, 14.0, 440.0, 0.7351294115022221, 0.9163636363636364]
47 [65.0, 31.0, 15.0, 439.0, 0.7381324349450203, 0.9163636363636364]
48 [64.0, 32.0, 13.0, 441.0, 0.7393821999586752, 0.9181818181818182]
49 [66.0, 30.0, 13.0, 441.0, 0.753782137239518, 0.9218181818181819]
50 [64.0, 32.0, 16.0, 438.0, 0.726768932906588, 0.9127272727272727]
[64.0, 32.0, 16.0, 438.0, 0.726768932906588, 0.9127272727272727]
precious=0.666659722295	recall=0.799990000125	f_scores=0.726768932907
p_avg=0.127191491631	r_avg=0.150767142041	f_avg=0.137874536871
