1 [0.0, 88.0, 0.0, 462.0, 0.0, 0.84]
2 [3.0, 85.0, 2.0, 460.0, 0.06441313888734736, 0.8418181818181818]
3 [12.0, 76.0, 6.0, 456.0, 0.2261292140360905, 0.850909090909091]
4 [21.0, 67.0, 7.0, 455.0, 0.36169685784771605, 0.8654545454545455]
5 [30.0, 58.0, 11.0, 451.0, 0.4646758421362781, 0.8745454545454545]
6 [37.0, 51.0, 10.0, 452.0, 0.5476865196824642, 0.889090909090909]
7 [41.0, 47.0, 13.0, 449.0, 0.5769857040834617, 0.8909090909090909]
8 [44.0, 44.0, 14.0, 448.0, 0.60225295994745, 0.8945454545454545]
9 [47.0, 41.0, 18.0, 444.0, 0.6138827411789893, 0.8927272727272727]
10 [48.0, 40.0, 20.0, 442.0, 0.6148853367027404, 0.8909090909090909]
11 [48.0, 40.0, 20.0, 442.0, 0.6148853367027404, 0.8909090909090909]
12 [50.0, 38.0, 19.0, 443.0, 0.6364422647668518, 0.8963636363636364]
13 [49.0, 39.0, 21.0, 441.0, 0.619752194890585, 0.8909090909090909]
14 [50.0, 38.0, 19.0, 443.0, 0.6364422647668518, 0.8963636363636364]
15 [48.0, 40.0, 20.0, 442.0, 0.6148853367027404, 0.8909090909090909]
16 [48.0, 40.0, 19.0, 443.0, 0.6188564135009328, 0.8927272727272727]
17 [50.0, 38.0, 21.0, 441.0, 0.6284290104051707, 0.8927272727272727]
18 [48.0, 40.0, 21.0, 441.0, 0.6109648981669329, 0.889090909090909]
19 [49.0, 39.0, 20.0, 442.0, 0.6237035813052465, 0.8927272727272727]
20 [48.0, 40.0, 21.0, 441.0, 0.6109648981669329, 0.889090909090909]
21 [49.0, 39.0, 20.0, 442.0, 0.6237035813052465, 0.8927272727272727]
22 [49.0, 39.0, 19.0, 443.0, 0.6277056771518642, 0.8945454545454545]
23 [49.0, 39.0, 18.0, 444.0, 0.6317594648905988, 0.8963636363636364]
24 [49.0, 39.0, 19.0, 443.0, 0.6277056771518642, 0.8945454545454545]
25 [50.0, 38.0, 18.0, 444.0, 0.6405260179210602, 0.8981818181818182]
26 [51.0, 37.0, 18.0, 444.0, 0.6491809485327464, 0.9]
27 [49.0, 39.0, 17.0, 445.0, 0.6358659525258932, 0.8981818181818182]
28 [50.0, 38.0, 17.0, 445.0, 0.6446625165970515, 0.9]
29 [50.0, 38.0, 17.0, 445.0, 0.6446625165970515, 0.9]
30 [50.0, 38.0, 17.0, 445.0, 0.6446625165970515, 0.9]
31 [50.0, 38.0, 17.0, 445.0, 0.6446625165970515, 0.9]
32 [50.0, 38.0, 17.0, 445.0, 0.6446625165970515, 0.9]
33 [50.0, 38.0, 17.0, 445.0, 0.6446625165970515, 0.9]
34 [50.0, 38.0, 16.0, 446.0, 0.6488527893242461, 0.9018181818181819]
35 [50.0, 38.0, 16.0, 446.0, 0.6488527893242461, 0.9018181818181819]
36 [50.0, 38.0, 16.0, 446.0, 0.6488527893242461, 0.9018181818181819]
37 [50.0, 38.0, 16.0, 446.0, 0.6488527893242461, 0.9018181818181819]
38 [50.0, 38.0, 16.0, 446.0, 0.6488527893242461, 0.9018181818181819]
39 [50.0, 38.0, 16.0, 446.0, 0.6488527893242461, 0.9018181818181819]
40 [50.0, 38.0, 16.0, 446.0, 0.6488527893242461, 0.9018181818181819]
41 [50.0, 38.0, 16.0, 446.0, 0.6488527893242461, 0.9018181818181819]
42 [50.0, 38.0, 16.0, 446.0, 0.6488527893242461, 0.9018181818181819]
43 [50.0, 38.0, 15.0, 447.0, 0.6530978915485696, 0.9036363636363637]
44 [50.0, 38.0, 16.0, 446.0, 0.6488527893242461, 0.9018181818181819]
45 [50.0, 38.0, 16.0, 446.0, 0.6488527893242461, 0.9018181818181819]
46 [50.0, 38.0, 16.0, 446.0, 0.6488527893242461, 0.9018181818181819]
47 [50.0, 38.0, 16.0, 446.0, 0.6488527893242461, 0.9018181818181819]
48 [50.0, 38.0, 16.0, 446.0, 0.6488527893242461, 0.9018181818181819]
49 [50.0, 38.0, 15.0, 447.0, 0.6530978915485696, 0.9036363636363637]
50 [50.0, 38.0, 16.0, 446.0, 0.6488527893242461, 0.9018181818181819]
[50.0, 38.0, 16.0, 446.0, 0.6488527893242461, 0.9018181818181819]
precious=0.568175361644	recall=0.757564279329	f_scores=0.648852789324
p_avg=0.119607503723	r_avg=0.15181169476	f_avg=0.133624703611
