1 [0.0, 89.0, 0.0, 461.0, 0.0, 0.8381818181818181]
2 [30.0, 59.0, 23.0, 438.0, 0.4220619132176867, 0.850909090909091]
3 [42.0, 47.0, 35.0, 426.0, 0.5055211010047793, 0.850909090909091]
4 [53.0, 36.0, 44.0, 417.0, 0.5693877069306603, 0.8545454545454545]
5 [57.0, 32.0, 43.0, 418.0, 0.6026703254229411, 0.8636363636363636]
6 [60.0, 29.0, 42.0, 419.0, 0.627768382767096, 0.8709090909090909]
7 [63.0, 26.0, 47.0, 414.0, 0.6326654194623562, 0.8672727272727273]
8 [58.0, 31.0, 43.0, 418.0, 0.6100222895779082, 0.8654545454545455]
9 [64.0, 25.0, 59.0, 402.0, 0.6032811419116395, 0.8472727272727273]
10 [58.0, 31.0, 46.0, 415.0, 0.600533471895465, 0.86]
11 [55.0, 34.0, 42.0, 419.0, 0.590892836170743, 0.8618181818181818]
12 [55.0, 34.0, 38.0, 423.0, 0.6038896171700581, 0.8690909090909091]
13 [52.0, 37.0, 33.0, 428.0, 0.5971949610887367, 0.8727272727272727]
14 [54.0, 35.0, 35.0, 426.0, 0.6062351674916504, 0.8727272727272727]
15 [56.0, 33.0, 33.0, 428.0, 0.628706810421493, 0.88]
16 [56.0, 33.0, 35.0, 426.0, 0.6217157718143028, 0.8763636363636363]
17 [56.0, 33.0, 32.0, 429.0, 0.6322616224536208, 0.8818181818181818]
18 [53.0, 36.0, 30.0, 431.0, 0.6157729165886839, 0.88]
19 [55.0, 34.0, 31.0, 430.0, 0.6280647890977121, 0.8818181818181818]
20 [54.0, 35.0, 28.0, 433.0, 0.6310727926125009, 0.8854545454545455]
21 [53.0, 36.0, 30.0, 431.0, 0.6157729165886839, 0.88]
22 [53.0, 36.0, 30.0, 431.0, 0.6157729165886839, 0.88]
23 [54.0, 35.0, 26.0, 435.0, 0.6385474984402923, 0.889090909090909]
24 [54.0, 35.0, 28.0, 433.0, 0.6310727926125009, 0.8854545454545455]
25 [55.0, 34.0, 27.0, 434.0, 0.64276855509089, 0.889090909090909]
26 [54.0, 35.0, 27.0, 434.0, 0.6347881424016805, 0.8872727272727273]
27 [55.0, 34.0, 30.0, 431.0, 0.631677300606621, 0.8836363636363637]
28 [54.0, 35.0, 28.0, 433.0, 0.6310727926125009, 0.8854545454545455]
29 [54.0, 35.0, 26.0, 435.0, 0.6385474984402923, 0.889090909090909]
30 [54.0, 35.0, 26.0, 435.0, 0.6385474984402923, 0.889090909090909]
31 [54.0, 35.0, 29.0, 432.0, 0.6274006808767532, 0.8836363636363637]
32 [53.0, 36.0, 28.0, 433.0, 0.6230235823064146, 0.8836363636363637]
33 [53.0, 36.0, 27.0, 434.0, 0.626713326291062, 0.8854545454545455]
34 [54.0, 35.0, 29.0, 432.0, 0.6274006808767532, 0.8836363636363637]
35 [56.0, 33.0, 30.0, 431.0, 0.6394932228285266, 0.8854545454545455]
36 [53.0, 36.0, 27.0, 434.0, 0.626713326291062, 0.8854545454545455]
37 [56.0, 33.0, 30.0, 431.0, 0.6394932228285266, 0.8854545454545455]
38 [54.0, 35.0, 29.0, 432.0, 0.6274006808767532, 0.8836363636363637]
39 [55.0, 34.0, 26.0, 435.0, 0.6465527027651184, 0.8909090909090909]
40 [54.0, 35.0, 27.0, 434.0, 0.6347881424016805, 0.8872727272727273]
41 [54.0, 35.0, 26.0, 435.0, 0.6385474984402923, 0.889090909090909]
42 [55.0, 34.0, 26.0, 435.0, 0.6465527027651184, 0.8909090909090909]
43 [56.0, 33.0, 27.0, 434.0, 0.6506562102539231, 0.8909090909090909]
44 [54.0, 35.0, 26.0, 435.0, 0.6385474984402923, 0.889090909090909]
45 [54.0, 35.0, 26.0, 435.0, 0.6385474984402923, 0.889090909090909]
46 [53.0, 36.0, 26.0, 435.0, 0.6304470343216884, 0.8872727272727273]
47 [54.0, 35.0, 27.0, 434.0, 0.6347881424016805, 0.8872727272727273]
48 [53.0, 36.0, 26.0, 435.0, 0.6304470343216884, 0.8872727272727273]
49 [53.0, 36.0, 26.0, 435.0, 0.6304470343216884, 0.8872727272727273]
50 [53.0, 36.0, 26.0, 435.0, 0.6304470343216884, 0.8872727272727273]
[53.0, 36.0, 26.0, 435.0, 0.6304470343216884, 0.8872727272727273]
precious=0.595498926978	recall=0.670877583828	f_scores=0.630447034322
p_avg=0.373976350598	r_avg=0.399354424275	f_avg=0.385151606188
