1 [0.0, 91.0, 0.0, 459.0, 0.0, 0.8345454545454546]
2 [35.0, 56.0, 29.0, 430.0, 0.4511227672783744, 0.8454545454545455]
3 [53.0, 38.0, 49.0, 410.0, 0.5487191825604429, 0.8418181818181818]
4 [62.0, 29.0, 66.0, 393.0, 0.5657195629262103, 0.8272727272727273]
5 [68.0, 23.0, 68.0, 391.0, 0.5986336978027109, 0.8345454545454546]
6 [73.0, 18.0, 63.0, 396.0, 0.6426861467732609, 0.8527272727272728]
7 [72.0, 19.0, 67.0, 392.0, 0.6256036538989255, 0.8436363636363636]
8 [63.0, 28.0, 53.0, 406.0, 0.6081974625264788, 0.8527272727272728]
9 [56.0, 35.0, 30.0, 429.0, 0.632262004872308, 0.8818181818181818]
10 [55.0, 36.0, 25.0, 434.0, 0.6427697843040635, 0.889090909090909]
11 [55.0, 36.0, 34.0, 425.0, 0.6106047914502537, 0.8727272727272727]
12 [55.0, 36.0, 35.0, 424.0, 0.6072285176689481, 0.8709090909090909]
13 [55.0, 36.0, 35.0, 424.0, 0.6072285176689481, 0.8709090909090909]
14 [58.0, 33.0, 34.0, 425.0, 0.633373262845019, 0.8781818181818182]
15 [57.0, 34.0, 30.0, 429.0, 0.6399428843667629, 0.8836363636363637]
16 [56.0, 35.0, 32.0, 427.0, 0.6251918725144864, 0.8781818181818182]
17 [55.0, 36.0, 27.0, 432.0, 0.6353325435698292, 0.8854545454545455]
18 [57.0, 34.0, 29.0, 430.0, 0.6435613053151752, 0.8854545454545455]
19 [58.0, 33.0, 30.0, 429.0, 0.647537977803735, 0.8854545454545455]
20 [55.0, 36.0, 26.0, 433.0, 0.6390295253918421, 0.8872727272727273]
21 [56.0, 35.0, 26.0, 433.0, 0.6468930965909648, 0.889090909090909]
22 [55.0, 36.0, 27.0, 432.0, 0.6353325435698292, 0.8854545454545455]
23 [55.0, 36.0, 25.0, 434.0, 0.6427697843040635, 0.889090909090909]
24 [55.0, 36.0, 24.0, 435.0, 0.6465540846867412, 0.8909090909090909]
25 [56.0, 35.0, 25.0, 434.0, 0.6506572902391442, 0.8909090909090909]
26 [55.0, 36.0, 25.0, 434.0, 0.6427697843040635, 0.889090909090909]
27 [55.0, 36.0, 24.0, 435.0, 0.6465540846867412, 0.8909090909090909]
28 [55.0, 36.0, 24.0, 435.0, 0.6465540846867412, 0.8909090909090909]
29 [55.0, 36.0, 24.0, 435.0, 0.6465540846867412, 0.8909090909090909]
30 [55.0, 36.0, 24.0, 435.0, 0.6465540846867412, 0.8909090909090909]
31 [54.0, 37.0, 24.0, 435.0, 0.6385490365688209, 0.889090909090909]
32 [54.0, 37.0, 24.0, 435.0, 0.6385490365688209, 0.889090909090909]
33 [53.0, 38.0, 24.0, 435.0, 0.630448732283384, 0.8872727272727273]
34 [53.0, 38.0, 24.0, 435.0, 0.630448732283384, 0.8872727272727273]
35 [54.0, 37.0, 24.0, 435.0, 0.6385490365688209, 0.889090909090909]
36 [54.0, 37.0, 24.0, 435.0, 0.6385490365688209, 0.889090909090909]
37 [53.0, 38.0, 24.0, 435.0, 0.630448732283384, 0.8872727272727273]
38 [53.0, 38.0, 22.0, 437.0, 0.6380515524860791, 0.8909090909090909]
39 [54.0, 37.0, 22.0, 437.0, 0.6462032557568168, 0.8927272727272727]
40 [54.0, 37.0, 22.0, 437.0, 0.6462032557568168, 0.8927272727272727]
41 [54.0, 37.0, 22.0, 437.0, 0.6462032557568168, 0.8927272727272727]
42 [54.0, 37.0, 21.0, 438.0, 0.6500995929947105, 0.8945454545454545]
43 [54.0, 37.0, 21.0, 438.0, 0.6500995929947105, 0.8945454545454545]
44 [54.0, 37.0, 21.0, 438.0, 0.6500995929947105, 0.8945454545454545]
45 [54.0, 37.0, 21.0, 438.0, 0.6500995929947105, 0.8945454545454545]
46 [54.0, 37.0, 21.0, 438.0, 0.6500995929947105, 0.8945454545454545]
47 [54.0, 37.0, 21.0, 438.0, 0.6500995929947105, 0.8945454545454545]
48 [54.0, 37.0, 21.0, 438.0, 0.6500995929947105, 0.8945454545454545]
49 [54.0, 37.0, 21.0, 438.0, 0.6500995929947105, 0.8945454545454545]
50 [54.0, 37.0, 21.0, 438.0, 0.6500995929947105, 0.8945454545454545]
[54.0, 37.0, 21.0, 438.0, 0.6500995929947105, 0.8945454545454545]
precious=0.593400072527	recall=0.719990400128	f_scores=0.650099592995
p_avg=0.195642634401	r_avg=0.21354674081	f_avg=0.20363677477
