1 [0.0, 82.0, 0.0, 468.0, 0.0, 0.850909090909091]
2 [40.0, 42.0, 21.0, 447.0, 0.5589439452693353, 0.8854545454545455]
3 [51.0, 31.0, 35.0, 433.0, 0.606636323742348, 0.88]
4 [53.0, 29.0, 39.0, 429.0, 0.6086904589109285, 0.8763636363636363]
5 [56.0, 26.0, 37.0, 431.0, 0.6394950485104441, 0.8854545454545455]
6 [55.0, 27.0, 32.0, 436.0, 0.6503806920228079, 0.8927272727272727]
7 [59.0, 23.0, 56.0, 412.0, 0.5984931145004738, 0.8563636363636363]
8 [65.0, 17.0, 70.0, 398.0, 0.5986030142745603, 0.8418181818181818]
9 [61.0, 21.0, 36.0, 432.0, 0.681060503110758, 0.8963636363636364]
10 [61.0, 21.0, 34.0, 434.0, 0.6887608041683865, 0.9]
11 [58.0, 24.0, 30.0, 438.0, 0.6818459016161121, 0.9018181818181819]
12 [60.0, 22.0, 30.0, 438.0, 0.6971677443801938, 0.9054545454545454]
13 [58.0, 24.0, 31.0, 437.0, 0.6778558440067057, 0.9]
14 [56.0, 26.0, 29.0, 439.0, 0.6701511844948128, 0.9]
15 [56.0, 26.0, 29.0, 439.0, 0.6701511844948128, 0.9]
16 [56.0, 26.0, 31.0, 437.0, 0.6622148646635327, 0.8963636363636364]
17 [56.0, 26.0, 30.0, 438.0, 0.6661593879920262, 0.8981818181818182]
18 [56.0, 26.0, 30.0, 438.0, 0.6661593879920262, 0.8981818181818182]
19 [56.0, 26.0, 28.0, 440.0, 0.6741911091135765, 0.9018181818181819]
20 [56.0, 26.0, 29.0, 439.0, 0.6701511844948128, 0.9]
21 [57.0, 25.0, 29.0, 439.0, 0.678064001613305, 0.9018181818181819]
22 [57.0, 25.0, 29.0, 439.0, 0.678064001613305, 0.9018181818181819]
23 [57.0, 25.0, 29.0, 439.0, 0.678064001613305, 0.9018181818181819]
24 [57.0, 25.0, 29.0, 439.0, 0.678064001613305, 0.9018181818181819]
25 [56.0, 26.0, 28.0, 440.0, 0.6741911091135765, 0.9018181818181819]
26 [56.0, 26.0, 29.0, 439.0, 0.6701511844948128, 0.9]
27 [56.0, 26.0, 29.0, 439.0, 0.6701511844948128, 0.9]
28 [56.0, 26.0, 29.0, 439.0, 0.6701511844948128, 0.9]
29 [56.0, 26.0, 28.0, 440.0, 0.6741911091135765, 0.9018181818181819]
30 [56.0, 26.0, 28.0, 440.0, 0.6741911091135765, 0.9018181818181819]
31 [56.0, 26.0, 29.0, 439.0, 0.6701511844948128, 0.9]
32 [56.0, 26.0, 28.0, 440.0, 0.6741911091135765, 0.9018181818181819]
33 [56.0, 26.0, 29.0, 439.0, 0.6701511844948128, 0.9]
34 [56.0, 26.0, 28.0, 440.0, 0.6741911091135765, 0.9018181818181819]
35 [56.0, 26.0, 29.0, 439.0, 0.6701511844948128, 0.9]
36 [56.0, 26.0, 27.0, 441.0, 0.6782800375306794, 0.9036363636363637]
37 [56.0, 26.0, 29.0, 439.0, 0.6701511844948128, 0.9]
38 [56.0, 26.0, 28.0, 440.0, 0.6741911091135765, 0.9018181818181819]
39 [56.0, 26.0, 27.0, 441.0, 0.6782800375306794, 0.9036363636363637]
40 [56.0, 26.0, 27.0, 441.0, 0.6782800375306794, 0.9036363636363637]
41 [56.0, 26.0, 27.0, 441.0, 0.6782800375306794, 0.9036363636363637]
42 [56.0, 26.0, 27.0, 441.0, 0.6782800375306794, 0.9036363636363637]
43 [56.0, 26.0, 27.0, 441.0, 0.6782800375306794, 0.9036363636363637]
44 [56.0, 26.0, 27.0, 441.0, 0.6782800375306794, 0.9036363636363637]
45 [55.0, 27.0, 27.0, 441.0, 0.6702239002160236, 0.9018181818181819]
46 [55.0, 27.0, 27.0, 441.0, 0.6702239002160236, 0.9018181818181819]
47 [55.0, 27.0, 27.0, 441.0, 0.6702239002160236, 0.9018181818181819]
48 [55.0, 27.0, 27.0, 441.0, 0.6702239002160236, 0.9018181818181819]
49 [54.0, 28.0, 27.0, 441.0, 0.6620689532660251, 0.9]
50 [55.0, 27.0, 27.0, 441.0, 0.6702239002160236, 0.9018181818181819]
[55.0, 27.0, 27.0, 441.0, 0.6702239002160236, 0.9018181818181819]
precious=0.670723527762	recall=0.670723527762	f_scores=0.670223900216
p_avg=0.441048703374	r_avg=0.466426777052	f_avg=0.45217399621
