1 [0.0, 83.0, 0.0, 467.0, 0.0, 0.8490909090909091]
2 [9.0, 74.0, 8.0, 459.0, 0.17971463313068134, 0.850909090909091]
3 [21.0, 62.0, 12.0, 455.0, 0.3616560724589596, 0.8654545454545455]
4 [30.0, 53.0, 16.0, 451.0, 0.4646506524107371, 0.8745454545454545]
5 [34.0, 49.0, 19.0, 448.0, 0.4995174281387618, 0.8763636363636363]
6 [38.0, 45.0, 24.0, 443.0, 0.5236416456257678, 0.8745454545454545]
7 [39.0, 44.0, 26.0, 441.0, 0.5265277608520827, 0.8727272727272727]
8 [40.0, 43.0, 23.0, 444.0, 0.5474475207507619, 0.88]
9 [42.0, 41.0, 25.0, 442.0, 0.5594986581189778, 0.88]
10 [42.0, 41.0, 24.0, 443.0, 0.5632577622883003, 0.8818181818181818]
11 [37.0, 46.0, 23.0, 444.0, 0.5169886723341762, 0.8745454545454545]
12 [36.0, 47.0, 14.0, 453.0, 0.5408764301951985, 0.889090909090909]
13 [37.0, 46.0, 17.0, 450.0, 0.5396609254073305, 0.8854545454545455]
14 [39.0, 44.0, 16.0, 451.0, 0.5647301894828874, 0.8909090909090909]
15 [38.0, 45.0, 15.0, 452.0, 0.5583400449620725, 0.8909090909090909]
16 [40.0, 43.0, 17.0, 450.0, 0.5709380601893802, 0.8909090909090909]
17 [40.0, 43.0, 14.0, 453.0, 0.5834558748840768, 0.8963636363636364]
18 [44.0, 39.0, 16.0, 451.0, 0.6148893281873741, 0.9]
19 [44.0, 39.0, 16.0, 451.0, 0.6148893281873741, 0.9]
20 [44.0, 39.0, 16.0, 451.0, 0.6148893281873741, 0.9]
21 [44.0, 39.0, 13.0, 454.0, 0.628080063999959, 0.9054545454545454]
22 [42.0, 41.0, 15.0, 452.0, 0.5995090612140114, 0.8981818181818182]
23 [42.0, 41.0, 16.0, 451.0, 0.5952523421305419, 0.8963636363636364]
24 [45.0, 38.0, 15.0, 452.0, 0.6288751380140629, 0.9036363636363637]
25 [45.0, 38.0, 16.0, 451.0, 0.6245033710185235, 0.9018181818181819]
26 [43.0, 40.0, 17.0, 450.0, 0.6009035187581993, 0.8963636363636364]
27 [44.0, 39.0, 16.0, 451.0, 0.6148893281873741, 0.9]
28 [45.0, 38.0, 18.0, 449.0, 0.615939684458228, 0.8981818181818182]
29 [44.0, 39.0, 15.0, 452.0, 0.6192242444319854, 0.9018181818181819]
30 [44.0, 39.0, 16.0, 451.0, 0.6148893281873741, 0.9]
31 [43.0, 40.0, 16.0, 451.0, 0.6051399445996698, 0.8981818181818182]
32 [44.0, 39.0, 16.0, 451.0, 0.6148893281873741, 0.9]
33 [43.0, 40.0, 16.0, 451.0, 0.6051399445996698, 0.8981818181818182]
34 [46.0, 37.0, 16.0, 451.0, 0.6339848718609823, 0.9036363636363637]
35 [47.0, 36.0, 16.0, 451.0, 0.6433365528419474, 0.9054545454545454]
36 [44.0, 39.0, 16.0, 451.0, 0.6148893281873741, 0.9]
37 [47.0, 36.0, 16.0, 451.0, 0.6433365528419474, 0.9054545454545454]
38 [45.0, 38.0, 16.0, 451.0, 0.6245033710185235, 0.9018181818181819]
39 [46.0, 37.0, 16.0, 451.0, 0.6339848718609823, 0.9036363636363637]
40 [46.0, 37.0, 16.0, 451.0, 0.6339848718609823, 0.9036363636363637]
41 [46.0, 37.0, 16.0, 451.0, 0.6339848718609823, 0.9036363636363637]
42 [46.0, 37.0, 16.0, 451.0, 0.6339848718609823, 0.9036363636363637]
43 [47.0, 36.0, 16.0, 451.0, 0.6433365528419474, 0.9054545454545454]
44 [48.0, 35.0, 16.0, 451.0, 0.6525610620534703, 0.9072727272727272]
45 [47.0, 36.0, 16.0, 451.0, 0.6433365528419474, 0.9054545454545454]
46 [48.0, 35.0, 16.0, 451.0, 0.6525610620534703, 0.9072727272727272]
47 [47.0, 36.0, 16.0, 451.0, 0.6433365528419474, 0.9054545454545454]
48 [47.0, 36.0, 16.0, 451.0, 0.6433365528419474, 0.9054545454545454]
49 [49.0, 34.0, 16.0, 451.0, 0.6616609760524074, 0.9090909090909091]
50 [45.0, 38.0, 16.0, 451.0, 0.6245033710185235, 0.9018181818181819]
[45.0, 38.0, 16.0, 451.0, 0.6245033710185235, 0.9018181818181819]
precious=0.542162142625	recall=0.737692824708	f_scores=0.624503371019
p_avg=0.234667996542	r_avg=0.310499828663	f_avg=0.266048595941
